                  Temp     Hi    Low   Out    Dew  Wind  Wind   Wind    Hi    Hi   Wind   Heat    THW                Rain    Heat    Cool    In     In    In     In     In   In Air  Wind  Wind    ISS   Arc.
  Date    Time     Out   Temp   Temp   Hum    Pt. Speed   Dir    Run Speed   Dir  Chill  Index  Index   Bar    Rain  Rate    D-D     D-D    Temp   Hum    Dew   Heat    EMC Density  Samp   Tx   Recept  Int.
---------------------------------------------------------------------------------------------------------------------------------------------------------------------------------------------------------------
27/05/15 12:05a   16.2   16.2   16.1    88   14.2   0.0   ---   0.00   0.0   ---   16.2   16.3   16.3  1016.4  0.00   0.0   0.008   0.000   25.7    87   23.4   28.3  18.85  .0719    118    1    100.0    5 
27/05/15 12:10a   16.3   16.3   16.1    87   14.1   0.0   ---   0.00   0.0   ---   16.3   16.4   16.4  1016.4  0.00   0.0   0.007   0.000   25.7    87   23.4   28.3  18.85  .0719    117    1    100.0    5 
27/05/15 12:15a   16.3   16.3   16.2    87   14.2   0.0   ---   0.00   0.0   ---   16.3   16.5   16.5  1016.4  0.00   0.0   0.007   0.000   25.7    87   23.4   28.3  18.85  .0719    117    1    100.0    5 
27/05/15 12:20a   16.4   16.4   16.3    87   14.2   0.0   ---   0.00   0.0   ---   16.4   16.6   16.6  1016.4  0.00   0.0   0.007   0.000   25.7    87   23.4   28.3  18.85  .0719    117    1    100.0    5 
27/05/15 12:25a   16.4   16.4   16.4    87   14.2   0.0   ---   0.00   0.0   ---   16.4   16.6   16.6  1016.4  0.00   0.0   0.007   0.000   25.7    87   23.4   28.3  18.85  .0719    111    1     97.4    5 
27/05/15 12:30a   16.5   16.5   16.4    87   14.3   0.0   ---   0.00   0.0   ---   16.5   16.7   16.7  1016.4  0.00   0.0   0.006   0.000   25.7    87   23.4   28.3  18.85  .0719    117    1    100.0    5 
27/05/15 12:35a   16.5   16.6   16.5    86   14.1   0.0   ---   0.00   0.0   ---   16.5   16.7   16.7  1016.4  0.00   0.0   0.006   0.000   25.7    87   23.4   28.3  18.85  .0719    117    1    100.0    5 
27/05/15 12:40a   16.7   16.7   16.5    88   14.7   0.0   ---   0.00   0.0   ---   16.7   16.9   16.9  1016.5  0.00   0.0   0.006   0.000   25.7    87   23.4   28.3  18.85  .0719    117    1    100.0    5 
27/05/15 12:45a   16.7   16.7   16.7    88   14.7   0.0    SE   0.00   1.7    SE   16.7   16.9   16.9  1016.5  0.00   0.0   0.006   0.000   25.7    87   23.4   28.3  18.85  .0719    118    1    100.0    5 
27/05/15 12:50a   16.7   16.7   16.7    88   14.7   0.0    SE   0.00   1.7    SE   16.7   16.9   16.9  1016.5  0.00   0.0   0.006   0.000   25.7    87   23.4   28.3  18.85  .0719    117    1    100.0    5 
27/05/15 12:55a   16.7   16.7   16.7    88   14.7   0.0   ---   0.00   0.0   ---   16.7   16.9   16.9  1016.5  0.00   0.0   0.006   0.000   25.7    87   23.4   28.3  18.85  .0719    117    1    100.0    5 
27/05/15  1:00a   16.6   16.7   16.6    88   14.6   0.0   ---   0.00   0.0   ---   16.6   16.8   16.8  1016.5  0.00   0.0   0.006   0.000   25.7    87   23.4   28.3  18.85  .0719    117    1    100.0    5 
27/05/15  1:05a   16.6   16.7   16.6    88   14.6   0.0   ---   0.00   0.0   ---   16.6   16.8   16.8  1016.5  0.00   0.0   0.006   0.000   25.8    87   23.5   28.4  18.84  .0719    117    1    100.0    5 
27/05/15  1:10a   16.6   16.6   16.6    88   14.6   0.0   ---   0.00   0.0   ---   16.6   16.8   16.8  1016.4  0.00   0.0   0.006   0.000   25.8    87   23.5   28.4  18.84  .0719    117    1    100.0    5 
27/05/15  1:15a   16.6   16.6   16.6    87   14.4   0.0   ---   0.00   0.0   ---   16.6   16.8   16.8  1016.4  0.00   0.0   0.006   0.000   25.8    87   23.5   28.4  18.84  .0719    117    1    100.0    5 
27/05/15  1:20a   16.5   16.6   16.5    87   14.3   0.0   ---   0.00   0.0   ---   16.5   16.7   16.7  1016.4  0.00   0.0   0.006   0.000   25.8    87   23.5   28.4  18.84  .0719    117    1    100.0    5 
27/05/15  1:25a   16.5   16.5   16.5    88   14.5   0.0   ---   0.00   0.0   ---   16.5   16.7   16.7  1016.3  0.00   0.0   0.006   0.000   25.8    87   23.5   28.4  18.84  .0719    115    1    100.0    5 
27/05/15  1:30a   16.5   16.5   16.5    88   14.5   0.0   ---   0.00   0.0   ---   16.5   16.7   16.7  1016.4  0.00   0.0   0.006   0.000   25.8    87   23.5   28.4  18.84  .0719    117    1    100.0    5 
27/05/15  1:35a   16.5   16.5   16.5    87   14.3   0.0   ---   0.00   0.0   ---   16.5   16.7   16.7  1016.4  0.00   0.0   0.006   0.000   25.8    87   23.5   28.4  18.84  .0719    117    1    100.0    5 
27/05/15  1:40a   16.5   16.5   16.5    87   14.3   0.0   ---   0.00   0.0   ---   16.5   16.7   16.7  1016.4  0.00   0.0   0.006   0.000   25.8    87   23.5   28.4  18.84  .0719    117    1    100.0    5 
27/05/15  1:45a   16.5   16.5   16.4    86   14.1   0.0   ---   0.00   0.0   ---   16.5   16.7   16.7  1016.5  0.00   0.0   0.006   0.000   25.8    87   23.5   28.4  18.84  .0719    117    1    100.0    5 
27/05/15  1:50a   16.6   16.6   16.4    87   14.4   0.0   ---   0.00   0.0   ---   16.6   16.8   16.8  1016.5  0.00   0.0   0.006   0.000   25.8    87   23.5   28.4  18.84  .0719    117    1    100.0    5 
27/05/15  1:55a   16.6   16.6   16.6    87   14.4   0.0   ---   0.00   0.0   ---   16.6   16.8   16.8  1016.4  0.00   0.0   0.006   0.000   25.8    87   23.5   28.4  18.84  .0719    118    1    100.0    5 
27/05/15  2:00a   16.5   16.6   16.5    86   14.1   0.0   ---   0.00   0.0   ---   16.5   16.7   16.7  1016.4  0.00   0.0   0.006   0.000   25.8    87   23.5   28.4  18.84  .0719    117    1    100.0    5 
27/05/15  2:05a   16.4   16.5   16.4    86   14.1   0.0   ---   0.00   0.0   ---   16.4   16.6   16.6  1016.5  0.00   0.0   0.007   0.000   25.8    87   23.5   28.4  18.84  .0719    117    1    100.0    5 
27/05/15  2:10a   16.4   16.4   16.4    86   14.1   0.0   ---   0.00   0.0   ---   16.4   16.6   16.6  1016.5  0.00   0.0   0.007   0.000   25.8    87   23.5   28.4  18.84  .0719    117    1    100.0    5 
27/05/15  2:15a   16.4   16.4   16.4    86   14.1   0.0   ---   0.00   0.0   ---   16.4   16.6   16.6  1016.5  0.00   0.0   0.007   0.000   25.8    87   23.5   28.4  18.84  .0719    117    1    100.0    5 
27/05/15  2:20a   16.5   16.5   16.4    86   14.1   0.0   ---   0.00   0.0   ---   16.5   16.7   16.7  1016.5  0.00   0.0   0.006   0.000   25.8    87   23.5   28.4  18.84  .0719    117    1    100.0    5 
27/05/15  2:25a   16.5   16.5   16.5    86   14.1   0.0   ---   0.00   0.0   ---   16.5   16.7   16.7  1016.5  0.00   0.0   0.006   0.000   25.8    87   23.5   28.4  18.84  .0719    113    1     99.1    5 
27/05/15  2:30a   16.5   16.5   16.5    86   14.1   0.0   ---   0.00   0.0   ---   16.5   16.7   16.7  1016.5  0.00   0.0   0.006   0.000   25.8    87   23.5   28.4  18.84  .0719    117    1    100.0    5 
27/05/15  2:35a   16.6   16.6   16.5    85   14.0   0.0   ---   0.00   0.0   ---   16.6   16.7   16.7  1016.5  0.00   0.0   0.006   0.000   25.8    87   23.5   28.4  18.84  .0719    117    1    100.0    5 
27/05/15  2:40a   16.7   16.7   16.6    87   14.5   0.0   ---   0.00   0.0   ---   16.7   16.9   16.9  1016.5  0.00   0.0   0.006   0.000   25.9    87   23.6   28.7  18.83  .0718    117    1    100.0    5 
27/05/15  2:45a   16.7   16.7   16.7    86   14.4   0.0   ---   0.00   0.0   ---   16.7   16.9   16.9  1016.5  0.00   0.0   0.006   0.000   25.9    87   23.6   28.7  18.83  .0718    117    1    100.0    5 
27/05/15  2:50a   16.8   16.8   16.7    87   14.6   0.0   ---   0.00   0.0   ---   16.8   17.0   17.0  1016.6  0.00   0.0   0.005   0.000   25.9    87   23.6   28.7  18.83  .0718    117    1    100.0    5 
27/05/15  2:55a   16.8   16.8   16.7    87   14.6   0.0   ---   0.00   0.0   ---   16.8   17.0   17.0  1016.5  0.00   0.0   0.005   0.000   25.9    87   23.6   28.7  18.83  .0718    117    1    100.0    5 
27/05/15  3:00a   16.8   16.8   16.8    87   14.6   0.0   ---   0.00   0.0   ---   16.8   17.0   17.0  1016.6  0.00   0.0   0.005   0.000   25.9    87   23.6   28.7  18.83  .0718    117    1    100.0    5 
27/05/15  3:05a   16.8   16.8   16.8    87   14.7   0.0   ---   0.00   0.0   ---   16.8   17.1   17.1  1016.6  0.00   0.0   0.005   0.000   25.9    87   23.6   28.7  18.83  .0718    117    1    100.0    5 
27/05/15  3:10a   16.8   16.8   16.8    87   14.6   0.0   ---   0.00   0.0   ---   16.8   17.0   17.0  1016.6  0.00   0.0   0.005   0.000   25.9    87   23.6   28.7  18.83  .0718    118    1    100.0    5 
27/05/15  3:15a   16.7   16.8   16.7    86   14.4   0.0    SE   0.00   1.7    SE   16.7   16.9   16.9  1016.6  0.00   0.0   0.006   0.000   25.9    87   23.6   28.7  18.83  .0718    117    1    100.0    5 
27/05/15  3:20a   16.7   16.7   16.7    86   14.4   0.0   ---   0.00   0.0   ---   16.7   16.9   16.9  1016.5  0.00   0.0   0.006   0.000   25.9    87   23.6   28.7  18.83  .0718    117    1    100.0    5 
27/05/15  3:25a   16.7   16.7   16.7    86   14.4   0.0   ---   0.00   0.0   ---   16.7   16.9   16.9  1016.6  0.00   0.0   0.006   0.000   25.9    87   23.6   28.7  18.83  .0718    117    1    100.0    5 
27/05/15  3:30a   16.7   16.7   16.7    86   14.4   0.0   ---   0.00   0.0   ---   16.7   16.9   16.9  1016.6  0.00   0.0   0.006   0.000   25.9    87   23.6   28.7  18.83  .0718    113    1     99.1    5 
27/05/15  3:35a   16.7   16.7   16.7    86   14.4   0.0   ---   0.00   0.0   ---   16.7   16.9   16.9  1016.7  0.00   0.0   0.006   0.000   25.9    87   23.6   28.7  18.83  .0718    117    1    100.0    5 
27/05/15  3:40a   16.7   16.7   16.7    86   14.4   0.0    SE   0.00   0.9    SE   16.7   16.9   16.9  1016.7  0.00   0.0   0.006   0.000   25.9    87   23.6   28.7  18.83  .0718    117    1    100.0    5 
27/05/15  3:45a   16.7   16.7   16.7    85   14.1   0.0    SE   0.00   1.7    SE   16.7   16.8   16.8  1016.7  0.00   0.0   0.006   0.000   25.9    87   23.6   28.7  18.83  .0718    117    1    100.0    5 
27/05/15  3:50a   16.6   16.7   16.6    84   13.9   0.0    SE   0.00   2.6    SE   16.6   16.8   16.8  1016.7  0.00   0.0   0.006   0.000   25.9    87   23.6   28.7  18.83  .0718    117    1    100.0    5 
27/05/15  3:55a   16.6   16.6   16.6    84   13.8   0.0   ---   0.00   0.0   ---   16.6   16.7   16.7  1016.7  0.00   0.0   0.006   0.000   25.9    87   23.6   28.7  18.83  .0719    117    1    100.0    5 
27/05/15  4:00a   16.6   16.6   16.6    84   13.8   0.0   ---   0.00   0.0   ---   16.6   16.7   16.7  1016.8  0.00   0.0   0.006   0.000   25.9    87   23.6   28.7  18.83  .0719    117    1    100.0    5 
27/05/15  4:05a   16.5   16.6   16.5    84   13.8   0.0   ---   0.00   0.0   ---   16.5   16.6   16.6  1016.8  0.00   0.0   0.006   0.000   25.9    87   23.6   28.7  18.83  .0719    117    1    100.0    5 
27/05/15  4:10a   16.5   16.6   16.5    83   13.6   0.0   ---   0.00   0.0   ---   16.5   16.6   16.6  1016.8  0.00   0.0   0.006   0.000   25.9    87   23.6   28.7  18.83  .0719    117    1    100.0    5 
27/05/15  4:15a   16.5   16.5   16.5    83   13.6   0.0   ---   0.00   0.0   ---   16.5   16.6   16.6  1016.8  0.00   0.0   0.006   0.000   25.9    87   23.6   28.7  18.83  .0719    117    1    100.0    5 
27/05/15  4:20a   16.4   16.5   16.4    83   13.5   0.0   ---   0.00   0.0   ---   16.4   16.6   16.6  1016.9  0.00   0.0   0.007   0.000   25.9    87   23.6   28.7  18.83  .0719    118    1    100.0    5 
27/05/15  4:25a   16.4   16.4   16.4    83   13.5   0.0   ---   0.00   0.0   ---   16.4   16.5   16.5  1016.9  0.00   0.0   0.007   0.000   25.9    87   23.6   28.7  18.83  .0719    117    1    100.0    5 
27/05/15  4:30a   16.4   16.4   16.4    83   13.5   0.0   ---   0.00   0.0   ---   16.4   16.5   16.5  1016.9  0.00   0.0   0.007   0.000   25.9    87   23.6   28.7  18.83  .0719    114    1    100.0    5 
27/05/15  4:35a   16.3   16.4   16.3    83   13.4   0.0   ---   0.00   0.0   ---   16.3   16.4   16.4  1016.9  0.00   0.0   0.007   0.000   25.9    87   23.6   28.7  18.83  .0719    117    1    100.0    5 
27/05/15  4:40a   16.3   16.3   16.3    83   13.4   0.0   ---   0.00   0.0   ---   16.3   16.4   16.4  1017.0  0.00   0.0   0.007   0.000   25.9    87   23.6   28.7  18.83  .0719    117    1    100.0    5 
27/05/15  4:45a   16.3   16.3   16.3    84   13.6   0.0    SE   0.00   1.7    SE   16.3   16.4   16.4  1016.9  0.00   0.0   0.007   0.000   25.9    87   23.6   28.7  18.83  .0719    117    1    100.0    5 
27/05/15  4:50a   16.3   16.3   16.3    84   13.6   0.0   ---   0.00   0.0   ---   16.3   16.4   16.4  1017.0  0.00   0.0   0.007   0.000   25.9    87   23.6   28.7  18.83  .0719    117    1    100.0    5 
27/05/15  4:55a   16.3   16.3   16.2    84   13.6   0.9    SE   0.07   2.6    SE   16.3   16.4   16.4  1017.0  0.00   0.0   0.007   0.000   25.9    87   23.6   28.7  18.83  .0719    117    1    100.0    5 
27/05/15  5:00a   16.2   16.3   16.2    84   13.5   0.9   ESE   0.07   4.3    SE   16.2   16.3   16.3  1017.0  0.00   0.0   0.007   0.000   25.9    87   23.6   28.7  18.83  .0719    117    1    100.0    5 
27/05/15  5:05a   16.2   16.2   16.2    84   13.5   0.0   ---   0.00   0.0   ---   16.2   16.3   16.3  1017.0  0.00   0.0   0.007   0.000   25.9    87   23.6   28.7  18.83  .0719    117    1    100.0    5 
27/05/15  5:10a   16.2   16.2   16.2    84   13.5   0.0   ---   0.00   0.0   ---   16.2   16.3   16.3  1017.1  0.00   0.0   0.008   0.000   26.1    87   23.7   28.8  18.82  .0718    117    1    100.0    5 
27/05/15  5:15a   16.2   16.2   16.2    84   13.5   0.0   ---   0.00   0.0   ---   16.2   16.3   16.3  1017.1  0.00   0.0   0.008   0.000   26.1    87   23.7   28.8  18.82  .0718    117    1    100.0    5 
27/05/15  5:20a   16.1   16.2   16.1    85   13.6   0.0   ---   0.00   0.0   ---   16.1   16.2   16.2  1017.0  0.00   0.0   0.008   0.000   26.1    87   23.7   28.8  18.82  .0718    117    1    100.0    5 
27/05/15  5:25a   16.1   16.1   16.1    85   13.6   0.0   ---   0.00   0.0   ---   16.1   16.2   16.2  1017.1  0.00   0.0   0.008   0.000   26.1    87   23.7   28.8  18.82  .0718    117    1    100.0    5 
27/05/15  5:30a   16.1   16.1   16.1    85   13.6   0.0    SE   0.00   0.9    SE   16.1   16.2   16.2  1017.2  0.00   0.0   0.008   0.000   26.1    87   23.7   28.8  18.82  .0718    114    1    100.0    5 
27/05/15  5:35a   16.1   16.1   16.1    85   13.5   0.0    SE   0.00   0.9    SE   16.1   16.2   16.2  1017.3  0.00   0.0   0.008   0.000   26.1    87   23.7   28.8  18.82  .0719    117    1    100.0    5 
27/05/15  5:40a   16.1   16.1   16.1    85   13.5   0.9    SE   0.07   2.6    SE   16.1   16.2   16.2  1017.3  0.00   0.0   0.008   0.000   26.1    87   23.7   28.8  18.82  .0719    117    1    100.0    5 
27/05/15  5:45a   16.1   16.1   16.1    85   13.5   0.9    SE   0.07   2.6    SE   16.1   16.2   16.2  1017.4  0.00   0.0   0.008   0.000   26.1    87   23.7   28.8  18.82  .0719    117    1    100.0    5 
27/05/15  5:50a   16.0   16.1   16.0    85   13.5   0.9    SE   0.07   2.6    SE   16.0   16.1   16.1  1017.3  0.00   0.0   0.008   0.000   26.1    87   23.7   28.8  18.82  .0719    117    1    100.0    5 
27/05/15  5:55a   16.0   16.0   16.0    86   13.7   0.0   ---   0.00   0.0   ---   16.0   16.1   16.1  1017.4  0.00   0.0   0.008   0.000   26.1    87   23.7   28.8  18.82  .0719    117    1    100.0    5 
27/05/15  6:00a   16.0   16.1   16.0    86   13.7   0.0    SE   0.00   1.7    SE   16.0   16.1   16.1  1017.4  0.00   0.0   0.008   0.000   26.1    87   23.7   28.8  18.82  .0719    117    1    100.0    5 
27/05/15  6:05a   16.0   16.0   16.0    86   13.7   0.0    SE   0.00   1.7    SE   16.0   16.1   16.1  1017.4  0.00   0.0   0.008   0.000   26.1    87   23.7   28.8  18.82  .0719    117    1    100.0    5 
27/05/15  6:10a   16.0   16.0   16.0    86   13.7   0.0   ---   0.00   0.0   ---   16.0   16.1   16.1  1017.4  0.00   0.0   0.008   0.000   26.1    87   23.7   28.8  18.82  .0719    117    1    100.0    5 
27/05/15  6:15a   16.0   16.0   16.0    86   13.7   0.9    SE   0.07   2.6    SE   16.0   16.1   16.1  1017.4  0.00   0.0   0.008   0.000   26.1    87   23.7   28.8  18.82  .0719    117    1    100.0    5 
27/05/15  6:20a   16.0   16.0   16.0    86   13.7   0.0   ---   0.00   0.0   ---   16.0   16.1   16.1  1017.4  0.00   0.0   0.008   0.000   26.1    87   23.7   28.8  18.82  .0719    117    1    100.0    5 
27/05/15  6:25a   16.0   16.0   16.0    86   13.7   0.0   ---   0.00   0.0   ---   16.0   16.1   16.1  1017.4  0.00   0.0   0.008   0.000   26.1    87   23.7   28.8  18.82  .0719    117    1    100.0    5 
27/05/15  6:30a   16.0   16.1   16.0    86   13.7   0.0   ---   0.00   0.0   ---   16.0   16.1   16.1  1017.5  0.00   0.0   0.008   0.000   26.1    87   23.7   28.8  18.82  .0719    114    1    100.0    5 
27/05/15  6:35a   16.1   16.1   16.0    86   13.7   0.0   ---   0.00   0.0   ---   16.1   16.2   16.2  1017.5  0.00   0.0   0.008   0.000   26.1    87   23.7   28.8  18.82  .0719    117    1    100.0    5 
27/05/15  6:40a   16.1   16.1   16.0    86   13.7   0.0   ---   0.00   0.0   ---   16.1   16.2   16.2  1017.6  0.00   0.0   0.008   0.000   26.1    87   23.7   28.8  18.82  .0719    117    1    100.0    5 
27/05/15  6:45a   16.1   16.1   16.1    86   13.7   0.0   ---   0.00   0.0   ---   16.1   16.2   16.2  1017.6  0.00   0.0   0.008   0.000   26.1    87   23.7   28.8  18.82  .0719    118    1    100.0    5 
27/05/15  6:50a   16.1   16.1   16.1    86   13.8   0.0   ---   0.00   0.0   ---   16.1   16.2   16.2  1017.7  0.00   0.0   0.008   0.000   26.1    87   23.7   28.8  18.82  .0719    117    1    100.0    5 
27/05/15  6:55a   16.1   16.1   16.1    87   13.9   0.9    SE   0.07   2.6    SE   16.1   16.3   16.3  1017.7  0.00   0.0   0.008   0.000   26.1    87   23.7   28.8  18.82  .0719    117    1    100.0    5 
27/05/15  7:00a   16.2   16.2   16.1    87   14.0   0.9    SE   0.07   1.7    SE   16.2   16.3   16.3  1017.7  0.00   0.0   0.008   0.000   26.1    87   23.7   28.8  18.82  .0719    117    1    100.0    5 
27/05/15  7:05a   16.2   16.2   16.1    87   14.0   0.0   SSE   0.00   0.9   SSE   16.2   16.3   16.3  1017.7  0.00   0.0   0.008   0.000   26.1    87   23.7   28.8  18.82  .0719    117    1    100.0    5 
27/05/15  7:10a   16.1   16.2   16.1    86   13.8   0.0   ---   0.00   0.0   ---   16.1   16.2   16.2  1017.7  0.00   0.0   0.008   0.000   26.1    87   23.7   28.8  18.82  .0719    117    1    100.0    5 
27/05/15  7:15a   16.2   16.2   16.1    87   14.0   0.0   ---   0.00   0.0   ---   16.2   16.3   16.3  1017.7  0.00   0.0   0.008   0.000   26.1    87   23.7   28.8  18.82  .0719    117    1    100.0    5 
27/05/15  7:20a   16.2   16.2   16.2    87   14.0   0.0   ---   0.00   0.0   ---   16.2   16.3   16.3  1017.7  0.00   0.0   0.008   0.000   26.1    87   23.7   28.8  18.82  .0719    117    1    100.0    5 
27/05/15  7:25a   16.2   16.2   16.2    87   14.0   0.0   ---   0.00   0.0   ---   16.2   16.3   16.3  1017.7  0.00   0.0   0.008   0.000   26.1    87   23.7   28.8  18.82  .0719    117    1    100.0    5 
27/05/15  7:30a   16.2   16.2   16.2    87   14.1   0.0   ---   0.00   0.0   ---   16.2   16.4   16.4  1017.8  0.00   0.0   0.007   0.000   26.1    87   23.7   28.8  18.82  .0719    117    1    100.0    5 
27/05/15  7:35a   16.2   16.2   16.2    87   14.1   0.0   SSE   0.00   0.9   SSE   16.2   16.4   16.4  1017.8  0.00   0.0   0.007   0.000   26.1    87   23.7   28.8  18.82  .0719    113    1     99.1    5 
27/05/15  7:40a   16.2   16.3   16.2    86   13.9   0.0   ---   0.00   0.0   ---   16.2   16.4   16.4  1017.9  0.00   0.0   0.007   0.000   26.1    87   23.7   28.8  18.82  .0719    117    1    100.0    5 
27/05/15  7:45a   16.2   16.3   16.2    86   13.9   0.0   ---   0.00   0.0   ---   16.2   16.4   16.4  1017.8  0.00   0.0   0.007   0.000   26.1    87   23.7   28.8  18.82  .0719    117    1    100.0    5 
27/05/15  7:50a   16.2   16.3   16.2    86   13.9   0.0   ---   0.00   0.0   ---   16.2   16.4   16.4  1017.8  0.00   0.0   0.007   0.000   26.1    86   23.5   28.7  18.39  .0719    117    1    100.0    5 
27/05/15  7:55a   16.3   16.3   16.2    86   13.9   0.0   SSE   0.00   2.6   SSE   16.3   16.4   16.4  1017.8  0.00   0.0   0.007   0.000   26.1    86   23.5   28.7  18.39  .0719    118    1    100.0    5 
27/05/15  8:00a   16.3   16.3   16.2    86   14.0   0.0   ---   0.00   0.0   ---   16.3   16.5   16.5  1017.8  0.00   0.0   0.007   0.000   26.1    86   23.5   28.7  18.39  .0719    117    1    100.0    5 
27/05/15  8:05a   16.3   16.3   16.3    85   13.8   0.0   ---   0.00   0.0   ---   16.3   16.4   16.4  1017.8  0.00   0.0   0.007   0.000   26.1    86   23.5   28.7  18.39  .0719    117    1    100.0    5 
27/05/15  8:10a   16.4   16.4   16.3    85   13.9   0.0   ---   0.00   0.0   ---   16.4   16.6   16.6  1017.8  0.00   0.0   0.007   0.000   26.1    86   23.5   28.7  18.39  .0719    117    1    100.0    5 
27/05/15  8:15a   16.4   16.4   16.4    84   13.7   0.0   ---   0.00   0.0   ---   16.4   16.6   16.6  1017.8  0.00   0.0   0.007   0.000   26.1    86   23.5   28.7  18.39  .0719    117    1    100.0    5 
27/05/15  8:20a   16.6   16.6   16.4    84   13.8   0.0   ---   0.00   0.0   ---   16.6   16.7   16.7  1017.9  0.00   0.0   0.006   0.000   26.1    86   23.5   28.7  18.39  .0719    117    1    100.0    5 
27/05/15  8:25a   16.6   16.6   16.6    84   13.9   0.0   ---   0.00   0.0   ---   16.6   16.8   16.8  1017.9  0.00   0.0   0.006   0.000   26.1    86   23.5   28.7  18.39  .0719    117    1    100.0    5 
27/05/15  8:30a   16.7   16.7   16.6    83   13.8   0.0   ---   0.00   0.0   ---   16.7   16.8   16.8  1017.9  0.00   0.0   0.006   0.000   25.9    87   23.6   28.7  18.83  .0719    117    1    100.0    5 
27/05/15  8:35a   16.7   16.7   16.7    83   13.8   0.0   ---   0.00   0.0   ---   16.7   16.9   16.9  1017.9  0.00   0.0   0.006   0.000   25.9    87   23.6   28.7  18.83  .0719    113    1     99.1    5 
27/05/15  8:40a   16.8   16.8   16.7    82   13.7   0.0   ---   0.00   0.0   ---   16.8   17.0   17.0  1017.9  0.00   0.0   0.005   0.000   25.9    87   23.6   28.7  18.83  .0719    117    1    100.0    5 
27/05/15  8:45a   16.9   16.9   16.8    82   13.8   0.0   ---   0.00   0.0   ---   16.9   17.1   17.1  1017.9  0.00   0.0   0.005   0.000   25.8    87   23.5   28.4  18.84  .0720    117    1    100.0    5 
27/05/15  8:50a   16.9   16.9   16.9    81   13.7   0.0   ---   0.00   0.0   ---   16.9   17.1   17.1  1017.9  0.00   0.0   0.005   0.000   25.8    87   23.5   28.4  18.84  .0720    117    1    100.0    5 
27/05/15  8:55a   17.0   17.0   16.9    81   13.7   0.0   ---   0.00   0.0   ---   17.0   17.2   17.2  1017.9  0.00   0.0   0.005   0.000   25.8    87   23.5   28.4  18.84  .0720    117    1    100.0    5 
27/05/15  9:00a   17.0   17.1   16.9    81   13.7   0.0   ---   0.00   0.0   ---   17.0   17.2   17.2  1017.9  0.00   0.0   0.005   0.000   25.8    87   23.5   28.4  18.84  .0720    117    1    100.0    5 
27/05/15  9:05a   17.1   17.1   17.1    81   13.8   0.0   ---   0.00   0.0   ---   17.1   17.3   17.3  1017.9  0.00   0.0   0.004   0.000   25.9    87   23.6   28.7  18.83  .0719    117    1    100.0    5 
27/05/15  9:10a   17.2   17.2   17.1    81   13.9   0.0   ---   0.00   0.0   ---   17.2   17.4   17.4  1017.9  0.00   0.0   0.004   0.000   25.9    87   23.6   28.7  18.83  .0719    118    1    100.0    5 
27/05/15  9:15a   17.3   17.3   17.2    80   13.8   0.0   ---   0.00   0.0   ---   17.3   17.5   17.5  1017.9  0.00   0.0   0.003   0.000   25.9    87   23.6   28.7  18.83  .0719    117    1    100.0    5 
27/05/15  9:20a   17.3   17.3   17.3    80   13.8   0.0   ---   0.00   0.0   ---   17.3   17.5   17.5  1017.9  0.00   0.0   0.003   0.000   25.9    87   23.6   28.7  18.83  .0719    117    1    100.0    5 
27/05/15  9:25a   17.4   17.4   17.3    80   13.9   0.0   ---   0.00   0.0   ---   17.4   17.6   17.6  1018.0  0.00   0.0   0.003   0.000   25.9    87   23.6   28.7  18.83  .0719    117    1    100.0    5 
27/05/15  9:30a   17.4   17.4   17.4    80   14.0   0.0   ---   0.00   0.0   ---   17.4   17.7   17.7  1018.0  0.00   0.0   0.003   0.000   26.1    87   23.7   28.8  18.82  .0719    117    1    100.0    5 
27/05/15  9:35a   17.4   17.4   17.4    79   13.8   0.0   ---   0.00   0.0   ---   17.4   17.6   17.6  1018.0  0.00   0.0   0.003   0.000   26.1    86   23.5   28.7  18.39  .0719    116    1    100.0    5 
27/05/15  9:40a   17.4   17.4   17.4    80   14.0   0.0   ---   0.00   0.0   ---   17.4   17.7   17.7  1018.0  0.00   0.0   0.003   0.000   26.1    86   23.5   28.7  18.39  .0719    117    1    100.0    5 
27/05/15  9:45a   17.5   17.5   17.4    80   14.0   0.0   SSE   0.00   1.7   SSE   17.5   17.7   17.7  1018.0  0.00   0.0   0.003   0.000   25.9    86   23.4   28.6  18.40  .0720    117    1    100.0    5 
27/05/15  9:50a   17.6   17.6   17.5    79   13.9   0.0   ---   0.00   0.0   ---   17.6   17.7   17.7  1018.0  0.00   0.0   0.003   0.000   25.9    86   23.4   28.6  18.40  .0720    117    1    100.0    5 
27/05/15  9:55a   17.6   17.6   17.6    79   13.9   0.0   ---   0.00   0.0   ---   17.6   17.8   17.8  1018.0  0.00   0.0   0.003   0.000   25.8    86   23.3   28.4  18.41  .0720    117    1    100.0    5 
27/05/15 10:00a   17.7   17.7   17.6    78   13.8   0.0   ---   0.00   0.0   ---   17.7   17.8   17.8  1018.0  0.00   0.0   0.002   0.000   25.7    86   23.2   28.2  18.42  .0720    117    1    100.0    5 
27/05/15 10:05a   17.6   17.7   17.6    78   13.7   0.0   ---   0.00   0.0   ---   17.6   17.8   17.8  1018.0  0.00   0.0   0.003   0.000   25.7    86   23.2   28.2  18.42  .0720    117    1    100.0    5 
27/05/15 10:10a   17.7   17.7   17.6    79   14.0   0.0   ---   0.00   0.0   ---   17.7   17.9   17.9  1018.0  0.00   0.0   0.002   0.000   25.6    86   23.1   28.0  18.43  .0721    117    1    100.0    5 
27/05/15 10:15a   17.8   17.8   17.7    79   14.1   0.0   ---   0.00   0.0   ---   17.8   18.0   18.0  1018.0  0.00   0.0   0.002   0.000   25.6    86   23.1   28.0  18.43  .0721    117    1    100.0    5 
27/05/15 10:20a   17.8   17.8   17.8    78   13.9   0.9   SSE   0.07   1.7   SSE   17.8   18.1   18.1  1018.0  0.00   0.0   0.002   0.000   25.6    87   23.3   28.1  18.86  .0721    118    1    100.0    5 
27/05/15 10:25a   17.9   17.9   17.8    78   14.0   0.9    SE   0.07   3.5    SE   17.9   18.1   18.1  1018.0  0.00   0.0   0.002   0.000   25.6    87   23.3   28.1  18.86  .0721    117    1    100.0    5 
27/05/15 10:30a   18.0   18.0   17.9    78   14.1   0.9    SE   0.07   2.6    SE   18.0   18.2   18.2  1018.0  0.00   0.0   0.001   0.000   25.6    87   23.3   28.1  18.86  .0721    117    1    100.0    5 
27/05/15 10:35a   18.1   18.1   18.0    80   14.6   1.7   SSE   0.14   2.6    SE   18.1   18.4   18.4  1018.1  0.00   0.0   0.001   0.000   25.5    87   23.2   27.9  18.88  .0721    114    1    100.0    5 
27/05/15 10:40a   17.9   18.1   17.9    81   14.6   0.9   SSE   0.07   2.6   SSE   17.9   18.3   18.3  1018.0  0.00   0.0   0.001   0.000   25.5    87   23.2   27.9  18.88  .0721    117    1    100.0    5 
27/05/15 10:45a   17.7   17.9   17.7    82   14.6   1.7   SSE   0.14   3.5   SSE   17.7   18.0   18.0  1018.1  0.00   0.0   0.002   0.000   25.5    87   23.2   27.9  18.88  .0721    117    1    100.0    5 
27/05/15 10:50a   17.4   17.7   17.4    83   14.5   2.6    SW   0.22   3.5    SW   17.4   17.7   17.7  1018.1  0.00   0.0   0.003   0.000   25.6    88   23.5   28.2  19.43  .0720    117    1    100.0    5 
27/05/15 10:55a   17.2   17.4   17.2    84   14.4   1.7   WSW   0.14   3.5   WSW   17.2   17.4   17.4  1018.1  0.00   0.0   0.004   0.000   25.6    88   23.5   28.2  19.43  .0721    117    1    100.0    5 
27/05/15 11:00a   16.9   17.2   16.9    83   14.0   2.6   WSW   0.22   4.3   WSW   16.9   17.1   17.1  1018.1  0.00   0.0   0.005   0.000   25.6    88   23.5   28.2  19.43  .0720    117    1    100.0    5 
27/05/15 11:05a   16.9   16.9   16.9    84   14.2   2.6   WSW   0.22   3.5   WSW   16.9   17.1   17.1  1018.0  0.00   0.0   0.005   0.000   25.7    88   23.6   28.4  19.42  .0720    117    1    100.0    5 
27/05/15 11:10a   16.8   16.9   16.8    84   14.1   1.7   WSW   0.14   3.5   WSW   16.8   17.0   17.0  1018.0  0.00   0.0   0.005   0.000   25.8    88   23.7   28.6  19.41  .0720    117    1    100.0    5 
27/05/15 11:15a   16.8   16.8   16.7    84   14.1   1.7   WSW   0.14   3.5   WSW   16.8   16.9   16.9  1018.1  0.00   0.0   0.005   0.000   25.8    88   23.7   28.6  19.41  .0720    117    1    100.0    5 
27/05/15 11:20a   16.8   16.9   16.8    85   14.3   1.7   WSW   0.14   4.3   WSW   16.8   17.1   17.1  1018.1  0.00   0.0   0.005   0.000   25.9    88   23.8   28.8  19.40  .0719    117    1    100.0    5 
27/05/15 11:25a   16.9   16.9   16.8    85   14.4   2.6   WSW   0.22   4.3   WSW   16.9   17.2   17.2  1018.2  0.00   0.0   0.005   0.000   25.9    88   23.8   28.8  19.40  .0719    117    1    100.0    5 
27/05/15 11:30a   17.0   17.0   16.9    85   14.5   2.6   WSW   0.22   3.5   WSW   17.0   17.2   17.2  1018.1  0.00   0.0   0.005   0.000   25.9    88   23.8   28.8  19.40  .0719    118    1    100.0    5 
27/05/15 11:35a   16.9   17.0   16.9    84   14.2   1.7   WSW   0.14   3.5   WSW   16.9   17.2   17.2  1018.2  0.00   0.0   0.005   0.000   26.1    88   23.9   28.9  19.39  .0719    117    1    100.0    5 
27/05/15 11:40a   16.8   16.9   16.8    84   14.1   3.5   WSW   0.29   4.3   WSW   16.8   17.0   17.0  1018.2  0.00   0.0   0.005   0.000   26.1    88   23.9   28.9  19.39  .0719    113    1     99.1    5 
27/05/15 11:45a   16.9   16.9   16.8    85   14.3   3.5   WSW   0.29   5.2   WSW   16.9   17.1   17.1  1018.1  0.00   0.0   0.005   0.000   26.1    88   23.9   28.9  19.39  .0719    117    1    100.0    5 
27/05/15 11:50a   17.0   17.0   16.8    84   14.3   3.5   WSW   0.29   4.3   WSW   17.0   17.2   17.2  1018.1  0.00   0.0   0.005   0.000   26.2    88   24.0   29.2  19.39  .0718    117    1    100.0    5 
27/05/15 11:55a   17.2   17.2   17.0    84   14.4   2.6   WSW   0.22   4.3   WSW   17.2   17.4   17.4  1018.2  0.00   0.0   0.004   0.000   26.2    88   24.0   29.2  19.39  .0718    117    1    100.0    5 
27/05/15 12:00p   17.3   17.3   17.2    83   14.4   1.7   WSW   0.14   3.5   WSW   17.3   17.6   17.6  1018.2  0.00   0.0   0.003   0.000   26.2    88   24.0   29.2  19.39  .0718    117    1    100.0    5 
27/05/15 12:05p   17.1   17.3   17.1    83   14.2   1.7   WSW   0.14   3.5   WSW   17.1   17.3   17.3  1018.1  0.00   0.0   0.004   0.000   26.2    88   24.1   29.3  19.38  .0718    117    1    100.0    5 
27/05/15 12:10p   17.2   17.2   17.1    83   14.3   1.7   WSW   0.14   3.5   WSW   17.2   17.4   17.4  1018.2  0.00   0.0   0.004   0.000   26.2    88   24.1   29.3  19.38  .0718    117    1    100.0    5 
27/05/15 12:15p   17.3   17.3   17.2    83   14.4   2.6   WSW   0.22   4.3   WSW   17.3   17.6   17.6  1018.1  0.00   0.0   0.003   0.000   26.2    87   23.9   29.2  18.80  .0718    117    1    100.0    5 
27/05/15 12:20p   17.4   17.4   17.3    83   14.5   3.5   WSW   0.29   4.3   WSW   17.4   17.7   17.7  1018.1  0.00   0.0   0.003   0.000   26.2    87   23.9   29.2  18.80  .0719    117    1    100.0    5 
27/05/15 12:25p   17.6   17.6   17.4    83   14.6   2.6   WSW   0.22   4.3   WSW   17.6   17.8   17.8  1018.2  0.00   0.0   0.003   0.000   26.2    87   23.9   29.2  18.80  .0719    117    1    100.0    5 
27/05/15 12:30p   17.6   17.6   17.5    83   14.7   2.6   WSW   0.22   4.3   WSW   17.6   17.9   17.9  1018.1  0.00   0.0   0.003   0.000   26.3    87   24.0   29.4  18.79  .0718    117    1    100.0    5 
27/05/15 12:35p   17.4   17.6   17.4    82   14.3   2.6   WSW   0.22   4.3   WSW   17.4   17.7   17.7  1018.0  0.00   0.0   0.003   0.000   26.3    87   24.0   29.4  18.79  .0718    117    1    100.0    5 
27/05/15 12:40p   17.4   17.4   17.4    83   14.5   3.5   WSW   0.29   4.3   WSW   17.4   17.7   17.7  1018.0  0.00   0.0   0.003   0.000   26.3    87   24.0   29.4  18.79  .0718    117    1    100.0    5 
27/05/15 12:45p   17.6   17.6   17.4    81   14.3   2.6   WSW   0.22   4.3   WSW   17.6   17.9   17.9  1018.0  0.00   0.0   0.003   0.000   26.2    88   24.1   29.3  19.38  .0718    118    1    100.0    5 
27/05/15 12:50p   17.4   17.6   17.4    81   14.1   2.6   WSW   0.22   4.3   WSW   17.4   17.7   17.7  1017.9  0.00   0.0   0.003   0.000   26.2    88   24.0   29.2  19.39  .0718    117    1    100.0    5 
27/05/15 12:55p   17.4   17.4   17.4    81   14.1   2.6   WSW   0.22   4.3   WSW   17.4   17.6   17.6  1017.9  0.00   0.0   0.003   0.000   26.2    87   23.8   29.1  18.80  .0719    117    1    100.0    5 
27/05/15  1:00p   17.3   17.4   17.3    81   14.0   1.7   WSW   0.14   4.3   WSW   17.3   17.5   17.5  1017.9  0.00   0.0   0.004   0.000   26.1    87   23.7   28.8  18.82  .0719    117    1    100.0    5 
27/05/15  1:05p   17.2   17.3   17.2    82   14.1   3.5   WSW   0.29   5.2   WSW   17.2   17.4   17.4  1017.9  0.00   0.0   0.004   0.000   25.9    88   23.8   28.8  19.40  .0719    117    1    100.0    5 
27/05/15  1:10p   17.3   17.3   17.2    82   14.2   3.5   WSW   0.29   5.2   WSW   17.3   17.5   17.5  1017.8  0.00   0.0   0.004   0.000   25.9    88   23.8   28.8  19.40  .0719    113    1     99.1    5 
27/05/15  1:15p   17.6   17.6   17.3    82   14.4   3.5   WSW   0.29   4.3   WSW   17.6   17.8   17.8  1017.7  0.00   0.0   0.003   0.000   26.1    88   23.9   28.9  19.39  .0719    117    1    100.0    5 
27/05/15  1:20p   17.8   17.8   17.6    81   14.5   3.5   WSW   0.29   5.2   WSW   17.8   18.1   18.1  1017.7  0.00   0.0   0.002   0.000   26.1    88   23.9   28.9  19.39  .0719    117    1    100.0    5 
27/05/15  1:25p   17.8   17.8   17.8    81   14.5   3.5   WSW   0.29   4.3   WSW   17.8   18.1   18.1  1017.7  0.00   0.0   0.002   0.000   26.2    88   24.0   29.2  19.39  .0718    117    1    100.0    5 
27/05/15  1:30p   18.1   18.1   17.8    81   14.8   3.5   WSW   0.29   4.3   WSW   18.1   18.4   18.4  1017.7  0.00   0.0   0.001   0.000   26.2    88   24.0   29.2  19.39  .0718    117    1    100.0    5 
27/05/15  1:35p   18.3   18.3   18.1    80   14.8   3.5   WSW   0.29   4.3   WSW   18.3   18.7   18.7  1017.7  0.00   0.0   0.000   0.000   26.2    88   24.0   29.2  19.39  .0718    117    1    100.0    5 
27/05/15  1:40p   18.4   18.4   18.3    79   14.7   4.3   WSW   0.36   5.2   WSW   18.4   18.8   18.8  1017.7  0.00   0.0   0.000   0.000   26.2    88   24.0   29.2  19.39  .0718    117    1    100.0    5 
27/05/15  1:45p   18.6   18.6   18.4    78   14.6   4.3   WSW   0.36   5.2   WSW   18.6   18.9   18.9  1017.7  0.00   0.0   0.000   0.001   26.2    88   24.0   29.2  19.39  .0718    117    1    100.0    5 
27/05/15  1:50p   18.6   18.6   18.5    79   14.8   4.3    SW   0.36   6.1    SW   18.6   18.9   18.9  1017.6  0.00   0.0   0.000   0.001   26.1    88   23.9   28.9  19.39  .0719    117    1    100.0    5 
27/05/15  1:55p   18.7   18.7   18.6    78   14.8   5.2    SW   0.43   6.1    SW   18.7   19.1   19.1  1017.6  0.00   0.0   0.000   0.001   26.1    88   23.9   28.9  19.39  .0718    118    1    100.0    5 
27/05/15  2:00p   18.7   18.7   18.7    78   14.8   5.2    SW   0.43   6.1    SW   18.7   19.1   19.1  1017.6  0.00   0.0   0.000   0.001   26.1    88   23.9   28.9  19.39  .0718    117    1    100.0    5 
27/05/15  2:05p   18.7   18.8   18.7    79   15.0   6.1    SW   0.51   7.0    SW   18.7   19.2   19.2  1017.5  0.00   0.0   0.000   0.001   26.1    88   23.9   28.9  19.39  .0718    117    1    100.0    5 
27/05/15  2:10p   18.8   18.8   18.7    80   15.3   6.1    SW   0.51   7.0    SW   18.8   19.3   19.3  1017.5  0.00   0.0   0.000   0.002   26.1    88   23.9   28.9  19.39  .0718    114    1    100.0    5 
27/05/15  2:15p   18.8   18.8   18.8    81   15.4   7.0    SW   0.58   7.8    SW   18.4   19.3   18.9  1017.4  0.00   0.0   0.000   0.002   26.1    89   24.1   29.1  19.95  .0718    117    1    100.0    5 
27/05/15  2:20p   18.7   18.8   18.7    82   15.6   7.0    SW   0.58   7.8    SW   18.4   19.2   18.9  1017.4  0.00   0.0   0.000   0.001   26.1    89   24.1   29.1  19.95  .0718    117    1    100.0    5 
27/05/15  2:25p   18.7   18.7   18.7    82   15.6   7.0    SW   0.58   7.8    SW   18.4   19.2   18.9  1017.3  0.00   0.0   0.000   0.001   26.1    89   24.1   29.1  19.95  .0718    117    1    100.0    5 
27/05/15  2:30p   18.7   18.7   18.6    82   15.5   7.0    SW   0.58   7.8    SW   18.3   19.2   18.8  1017.2  0.00   0.0   0.000   0.001   26.1    90   24.3   29.2  20.45  .0718    117    1    100.0    5 
27/05/15  2:35p   18.7   18.7   18.7    82   15.5   7.8    SW   0.65   8.7    SW   17.9   19.2   18.4  1017.2  0.00   0.0   0.000   0.001   26.1    90   24.3   29.2  20.45  .0718    117    1    100.0    5 
27/05/15  2:40p   18.6   18.7   18.5    83   15.6   7.8    SW   0.65   9.6    SW   17.8   19.0   18.2  1017.2  0.00   0.0   0.000   0.001   26.1    91   24.5   29.3  21.03  .0717    117    1    100.0    5 
27/05/15  2:45p   18.5   18.6   18.5    82   15.4   7.8    SW   0.65   9.6    SW   17.7   18.9   18.2  1017.1  0.00   0.0   0.000   0.001   26.1    91   24.5   29.3  21.03  .0717    117    1    100.0    5 
27/05/15  2:50p   18.3   18.5   18.3    83   15.3   7.8    SW   0.65   9.6    SW   17.5   18.7   17.9  1017.0  0.00   0.0   0.000   0.000   26.1    90   24.3   29.2  20.45  .0718    117    1    100.0    5 
27/05/15  2:55p   18.3   18.3   18.2    84   15.5   7.8    SW   0.65   8.7    SW   17.5   18.7   17.9  1017.1  0.00   0.0   0.000   0.000   26.1    91   24.5   29.3  21.03  .0717    117    1    100.0    5 
27/05/15  3:00p   18.3   18.4   18.3    84   15.6   7.8    SW   0.65   8.7    SW   17.6   18.8   18.0  1017.1  0.00   0.0   0.000   0.000   26.1    91   24.5   29.3  21.03  .0717    117    1    100.0    5 
27/05/15  3:05p   18.3   18.3   18.3    85   15.7   7.8    SW   0.65   9.6    SW   17.5   18.7   17.9  1017.0  0.00   0.0   0.000   0.000   26.1    91   24.5   29.3  21.03  .0717    117    1    100.0    5 
27/05/15  3:10p   18.4   18.4   18.3    84   15.7   7.0    SW   0.58   7.8    SW   18.1   18.9   18.6  1016.9  0.00   0.0   0.000   0.000   26.1    91   24.5   29.3  21.03  .0717    118    1    100.0    5 
27/05/15  3:15p   18.6   18.6   18.4    84   15.9   7.0    SW   0.58   7.8    SW   18.3   19.1   18.8  1016.9  0.00   0.0   0.000   0.001   26.1    91   24.5   29.3  21.03  .0717    113    1     99.1    5 
27/05/15  3:20p   18.7   18.7   18.6    84   16.0   7.0    SW   0.58   8.7    SW   18.4   19.2   18.9  1016.8  0.00   0.0   0.000   0.001   26.1    91   24.5   29.3  21.03  .0717    117    1    100.0    5 
27/05/15  3:25p   18.8   18.8   18.7    83   15.9   7.8    SW   0.65   8.7    SW   18.1   19.3   18.6  1016.8  0.00   0.0   0.000   0.002   26.1    91   24.5   29.3  21.03  .0717    117    1    100.0    5 
27/05/15  3:30p   18.8   18.8   18.8    83   15.9   7.8    SW   0.65   8.7    SW   18.1   19.3   18.6  1016.7  0.00   0.0   0.000   0.002   26.1    91   24.5   29.3  21.03  .0717    117    1    100.0    5 
27/05/15  3:35p   18.8   18.8   18.8    83   15.8   8.7    SW   0.72   9.6    SW   17.7   19.3   18.2  1016.7  0.00   0.0   0.000   0.002   26.1    91   24.5   29.3  21.03  .0717    117    1    100.0    5 
27/05/15  3:40p   18.7   18.8   18.7    83   15.7   8.7   WSW   0.72   9.6    SW   17.5   19.2   18.0  1016.6  0.00   0.0   0.000   0.001   26.1    91   24.5   29.3  21.03  .0717    117    1    100.0    5 
27/05/15  3:45p   18.6   18.7   18.5    83   15.6   8.7   WSW   0.72  10.4   WSW   17.4   19.0   17.8  1016.5  0.00   0.0   0.000   0.001   26.1    91   24.5   29.3  21.03  .0717    117    1    100.0    5 
27/05/15  3:50p   18.6   18.6   18.6    83   15.6   8.7   WSW   0.72  10.4   WSW   17.4   19.0   17.8  1016.5  0.00   0.0   0.000   0.001   26.1    91   24.5   29.3  21.03  .0717    117    1    100.0    5 
27/05/15  3:55p   18.6   18.6   18.5    84   15.8   9.6   WSW   0.80  10.4   WSW   17.0   19.1   17.5  1016.4  0.00   0.0   0.000   0.001   25.9    91   24.4   29.1  21.02  .0717    117    1    100.0    5 
27/05/15  4:00p   18.6   18.6   18.5    84   15.8  10.4    SW   0.87  11.3    SW   16.6   19.1   17.1  1016.4  0.00   0.0   0.000   0.001   25.9    91   24.4   29.1  21.02  .0717    117    1    100.0    5 
27/05/15  4:05p   18.6   18.6   18.6    84   15.9  10.4    SW   0.87  13.0    SW   16.7   19.1   17.2  1016.4  0.00   0.0   0.000   0.001   25.9    90   24.2   28.9  20.45  .0718    117    1    100.0    5 
27/05/15  4:10p   18.7   18.7   18.6    84   15.9  10.4    SW   0.87  12.2    SW   16.8   19.2   17.3  1016.4  0.00   0.0   0.000   0.001   26.1    91   24.5   29.3  21.03  .0717    117    1    100.0    5 
27/05/15  4:15p   18.6   18.7   18.6    84   15.9  10.4    SW   0.87  11.3    SW   16.7   19.1   17.2  1016.3  0.00   0.0   0.000   0.001   26.1    91   24.5   29.3  21.03  .0717    113    1     99.1    5 
27/05/15  4:20p   18.6   18.6   18.6    85   16.0  10.4    SW   0.87  11.3    SW   16.6   19.1   17.1  1016.3  0.00   0.0   0.000   0.001   26.1    91   24.5   29.3  21.03  .0717    118    1    100.0    5 
27/05/15  4:25p   18.6   18.6   18.6    85   16.0  10.4    SW   0.87  11.3    SW   16.7   19.1   17.2  1016.2  0.00   0.0   0.000   0.001   26.1    91   24.5   29.3  21.03  .0717    117    1    100.0    5 
27/05/15  4:30p   18.6   18.6   18.6    84   15.8  10.4    SW   0.87  12.2    SW   16.6   19.1   17.1  1016.2  0.00   0.0   0.000   0.001   26.1    91   24.5   29.3  21.03  .0717    117    1    100.0    5 
27/05/15  4:35p   18.6   18.6   18.6    85   16.0  11.3    SW   0.94  13.0    SW   16.3   19.1   16.8  1016.1  0.00   0.0   0.000   0.001   26.1    91   24.5   29.3  21.03  .0717    117    1    100.0    5 
27/05/15  4:40p   18.6   18.6   18.6    85   16.0  11.3    SW   0.94  12.2    SW   16.4   19.1   16.9  1016.0  0.00   0.0   0.000   0.001   26.1    91   24.5   29.3  21.03  .0717    117    1    100.0    5 
27/05/15  4:45p   18.6   18.6   18.6    85   16.0  11.3    SW   0.94  13.9    SW   16.4   19.1   16.9  1016.0  0.00   0.0   0.000   0.001   26.1    91   24.5   29.3  21.03  .0717    117    1    100.0    5 
27/05/15  4:50p   18.6   18.7   18.6    85   16.0  13.0    SW   1.09  14.8    SW   16.0   19.1   16.5  1016.0  0.00   0.0   0.000   0.001   26.2    91   24.6   29.5  21.03  .0716    117    1    100.0    5 
27/05/15  4:55p   18.6   18.6   18.6    86   16.2  12.2    SW   1.01  13.0    SW   16.2   19.1   16.7  1015.9  0.00   0.0   0.000   0.001   26.2    91   24.6   29.5  21.03  .0716    117    1    100.0    5 
27/05/15  5:00p   18.9   18.9   18.6    85   16.3  10.4    SW   0.87  12.2    SW   17.0   19.4   17.6  1015.9  0.00   0.0   0.000   0.002   26.2    91   24.6   29.5  21.03  .0716    117    1    100.0    5 
27/05/15  5:05p   19.1   19.1   18.9    85   16.5   9.6    SW   0.80  10.4    SW   17.6   19.7   18.2  1015.8  0.00   0.0   0.000   0.003   26.2    91   24.6   29.6  21.03  .0716    117    1    100.0    5 
27/05/15  5:10p   19.2   19.3   19.1    83   16.3   9.6   WSW   0.80  13.0   WSW   17.8   19.8   18.4  1015.8  0.00   0.0   0.000   0.003   26.2    91   24.6   29.6  21.03  .0716    117    1    100.0    5 
27/05/15  5:15p   19.0   19.2   19.0    83   16.0  11.3   WSW   0.94  12.2   WSW   16.8   19.6   17.4  1015.7  0.00   0.0   0.000   0.002   26.2    91   24.6   29.6  21.03  .0716    114    1    100.0    5 
27/05/15  5:20p   18.9   19.0   18.9    83   15.9  11.3    SW   0.94  13.0    SW   16.7   19.4   17.3  1015.7  0.00   0.0   0.000   0.002   26.2    91   24.6   29.6  21.03  .0716    117    1    100.0    5 
27/05/15  5:25p   18.8   18.9   18.8    82   15.7  12.2    SW   1.01  13.0    SW   16.4   19.3   16.9  1015.6  0.00   0.0   0.000   0.002   26.2    91   24.6   29.6  21.03  .0716    117    1    100.0    5 
27/05/15  5:30p   18.8   18.8   18.8    82   15.7  12.2    SW   1.01  14.8    SW   16.4   19.3   16.9  1015.6  0.00   0.0   0.000   0.002   26.2    91   24.6   29.6  21.03  .0716    118    1    100.0    5 
27/05/15  5:35p   19.0   19.0   18.8    82   15.9  11.3    SW   0.94  13.0    SW   16.8   19.6   17.4  1015.6  0.00   0.0   0.000   0.002   26.2    91   24.6   29.6  21.03  .0716    117    1    100.0    5 
27/05/15  5:40p   19.1   19.1   19.0    81   15.7  11.3    SW   0.94  12.2    SW   16.9   19.6   17.5  1015.5  0.00   0.0   0.000   0.003   26.2    91   24.6   29.6  21.03  .0716    117    1    100.0    5 
27/05/15  5:45p   19.1   19.1   19.0    81   15.7  11.3    SW   0.94  12.2    SW   16.9   19.6   17.5  1015.5  0.00   0.0   0.000   0.003   26.2    90   24.5   29.5  20.45  .0716    117    1    100.0    5 
27/05/15  5:50p   19.1   19.1   19.0    81   15.7  10.4    SW   0.87  12.2    SW   17.2   19.6   17.8  1015.5  0.00   0.0   0.000   0.003   26.2    90   24.5   29.5  20.45  .0716    117    1    100.0    5 
27/05/15  5:55p   19.1   19.1   19.1    80   15.6   9.6    SW   0.80  11.3    SW   17.6   19.7   18.2  1015.4  0.00   0.0   0.000   0.003   26.2    90   24.5   29.5  20.45  .0716    117    1    100.0    5 
27/05/15  6:00p   19.2   19.2   19.1    79   15.5   9.6    SW   0.80  11.3    SW   17.8   19.7   18.3  1015.4  0.00   0.0   0.000   0.003   26.2    90   24.5   29.5  20.45  .0716    117    1    100.0    5 
27/05/15  6:05p   19.3   19.3   19.3    78   15.3   9.6    SW   0.80  11.3    SW   17.8   19.8   18.3  1015.4  0.00   0.0   0.000   0.003   26.2    90   24.5   29.5  20.45  .0716    117    1    100.0    5 
27/05/15  6:10p   19.4   19.4   19.3    77   15.3   9.6    SW   0.80  11.3    SW   18.0   19.9   18.5  1015.3  0.00   0.0   0.000   0.004   26.2    89   24.3   29.4  19.95  .0716    117    1    100.0    5 
27/05/15  6:15p   19.6   19.6   19.4    77   15.4   9.6    SW   0.80  11.3    SW   18.1   20.1   18.6  1015.3  0.00   0.0   0.000   0.004   26.2    89   24.3   29.4  19.95  .0716    113    1     99.1    5 
27/05/15  6:20p   19.7   19.7   19.6    76   15.3  10.4    SW   0.87  12.2    SW   17.9   20.2   18.4  1015.3  0.00   0.0   0.000   0.005   26.2    89   24.3   29.4  19.95  .0716    117    1    100.0    5 
27/05/15  6:25p   19.7   19.8   19.7    76   15.4   8.7    SW   0.72  11.3    SW   18.6   20.2   19.1  1015.2  0.00   0.0   0.000   0.005   26.2    89   24.3   29.4  19.95  .0716    117    1    100.0    5 
27/05/15  6:30p   19.7   19.7   19.7    77   15.6   8.7    SW   0.72  11.3    SW   18.6   20.3   19.2  1015.2  0.00   0.0   0.000   0.005   26.2    89   24.3   29.4  19.95  .0716    117    1    100.0    5 
27/05/15  6:35p   20.0   20.0   19.7    75   15.4   7.0    SW   0.58  10.4   SSW   19.6   20.5   20.1  1015.2  0.00   0.0   0.000   0.006   26.2    89   24.3   29.4  19.95  .0716    117    1    100.0    5 
27/05/15  6:40p   20.2   20.2   20.0    75   15.6   7.0    SW   0.58  10.4    SW   19.8   20.7   20.3  1015.1  0.00   0.0   0.000   0.007   26.2    89   24.3   29.4  19.95  .0716    117    1    100.0    5 
27/05/15  6:45p   20.3   20.3   20.2    74   15.5   6.1    SW   0.51  12.2   SSW   20.3   20.8   20.8  1015.2  0.00   0.0   0.000   0.007   26.2    89   24.3   29.4  19.95  .0716    118    1    100.0    5 
27/05/15  6:50p   20.2   20.4   20.2    73   15.2   7.0    SW   0.58   8.7   WSW   19.8   20.7   20.3  1015.2  0.00   0.0   0.000   0.007   26.2    89   24.3   29.4  19.95  .0716    117    1    100.0    5 
27/05/15  6:55p   20.1   20.3   20.1    75   15.5   6.1    SW   0.51   7.8    SW   20.1   20.6   20.6  1015.2  0.00   0.0   0.000   0.006   26.2    89   24.3   29.4  19.95  .0716    117    1    100.0    5 
27/05/15  7:00p   20.1   20.1   20.1    76   15.7   6.1    SW   0.51   7.8    SW   20.1   20.6   20.6  1015.2  0.00   0.0   0.000   0.006   26.2    89   24.3   29.4  19.95  .0716    117    1    100.0    5 
27/05/15  7:05p   19.9   20.1   19.9    76   15.6   5.2    SW   0.43   7.0    SW   19.9   20.5   20.5  1015.3  0.00   0.0   0.000   0.006   26.2    89   24.3   29.4  19.95  .0716    117    1    100.0    5 
27/05/15  7:10p   19.9   19.9   19.9    77   15.8   5.2    SW   0.43   7.0    SW   19.9   20.5   20.5  1015.2  0.00   0.0   0.000   0.006   26.2    89   24.3   29.4  19.95  .0716    117    1    100.0    5 
27/05/15  7:15p   19.9   19.9   19.9    78   15.9   5.2    SW   0.43   6.1    SW   19.9   20.5   20.5  1015.3  0.00   0.0   0.000   0.005   26.2    90   24.5   29.5  20.45  .0716    117    1    100.0    5 
27/05/15  7:20p   19.7   19.9   19.7    79   15.9   4.3   WSW   0.36   6.1    SW   19.7   20.3   20.3  1015.3  0.00   0.0   0.000   0.005   26.2    90   24.5   29.5  20.45  .0716    114    1    100.0    5 
27/05/15  7:25p   19.5   19.7   19.5    80   16.0   6.1   WSW   0.51   7.0   WSW   19.5   20.1   20.1  1015.4  0.00   0.0   0.000   0.004   26.2    90   24.5   29.5  20.45  .0716    117    1    100.0    5 
27/05/15  7:30p   19.4   19.6   19.4    80   15.8   6.1   WSW   0.51   7.0   WSW   19.4   20.0   20.0  1015.4  0.00   0.0   0.000   0.004   26.2    90   24.4   29.4  20.45  .0716    117    1    100.0    5 
27/05/15  7:35p   19.2   19.4   19.2    79   15.4   5.2   WSW   0.43   6.1   WSW   19.2   19.7   19.7  1015.4  0.00   0.0   0.000   0.003   26.2    90   24.4   29.4  20.45  .0716    117    1    100.0    5 
27/05/15  7:40p   18.9   19.2   18.9    81   15.6   4.3   WSW   0.36   5.2   WSW   18.9   19.4   19.4  1015.4  0.00   0.0   0.000   0.002   26.2    91   24.6   29.5  21.03  .0716    117    1    100.0    5 
27/05/15  7:45p   18.8   18.9   18.8    81   15.4   4.3   WSW   0.36   5.2   WSW   18.8   19.3   19.3  1015.5  0.00   0.0   0.000   0.002   26.2    91   24.6   29.5  21.03  .0716    117    1    100.0    5 
27/05/15  7:50p   18.9   18.9   18.7    83   15.9   3.5   WSW   0.29   4.3   WSW   18.9   19.4   19.4  1015.5  0.00   0.0   0.000   0.002   26.1    91   24.5   29.3  21.03  .0716    117    1    100.0    5 
27/05/15  7:55p   19.0   19.0   18.9    82   15.9   4.3   WSW   0.36   4.3   WSW   19.0   19.6   19.6  1015.6  0.00   0.0   0.000   0.002   25.9    91   24.4   29.1  21.02  .0717    118    1    100.0    5 
27/05/15  8:00p   19.0   19.0   19.0    82   15.9   2.6   WSW   0.22   4.3   WSW   19.0   19.6   19.6  1015.6  0.00   0.0   0.000   0.002   25.9    91   24.4   29.1  21.02  .0717    117    1    100.0    5 
27/05/15  8:05p   18.9   19.0   18.9    83   15.9   0.0   WSW   0.00   1.7   WSW   18.9   19.4   19.4  1015.5  0.00   0.0   0.000   0.002   25.9    92   24.5   29.2  21.12  .0716    117    1    100.0    5 
27/05/15  8:10p   18.9   18.9   18.9    83   16.0   0.9   WSW   0.07   1.7   WSW   18.9   19.5   19.5  1015.6  0.00   0.0   0.000   0.002   25.9    91   24.4   29.1  21.02  .0717    117    1    100.0    5 
27/05/15  8:15p   19.1   19.1   18.9    82   16.0   0.9   WSW   0.07   3.5   WSW   19.1   19.7   19.7  1015.6  0.00   0.0   0.000   0.003   25.9    91   24.4   29.1  21.02  .0717    117    1    100.0    5 
27/05/15  8:20p   19.2   19.2   19.1    81   15.8   0.0   WSW   0.00   3.5   WSW   19.2   19.7   19.7  1015.6  0.00   0.0   0.000   0.003   25.9    92   24.5   29.2  21.12  .0716    113    1     99.1    5 
27/05/15  8:25p   19.2   19.2   19.2    81   15.8   0.0   ---   0.00   0.0   ---   19.2   19.7   19.7  1015.6  0.00   0.0   0.000   0.003   25.9    91   24.4   29.1  21.02  .0717    117    1    100.0    5 
27/05/15  8:30p   19.2   19.2   19.1    82   16.0   0.0   ---   0.00   0.0   ---   19.2   19.8   19.8  1015.5  0.00   0.0   0.000   0.003   25.9    92   24.5   29.2  21.12  .0716    117    1    100.0    5 
27/05/15  8:35p   19.2   19.2   19.2    81   15.8   0.0   ---   0.00   0.0   ---   19.2   19.7   19.7  1015.6  0.00   0.0   0.000   0.003   25.8    92   24.4   28.9  21.12  .0717    117    1    100.0    5 
27/05/15  8:40p   19.1   19.2   19.1    81   15.7   0.0   ---   0.00   0.0   ---   19.1   19.6   19.6  1015.7  0.00   0.0   0.000   0.003   25.8    92   24.4   28.9  21.12  .0717    117    1    100.0    5 
27/05/15  8:45p   19.1   19.1   19.1    84   16.3   0.0   ---   0.00   0.0   ---   19.1   19.7   19.7  1015.8  0.00   0.0   0.000   0.003   25.7    92   24.3   28.7  21.12  .0717    117    1    100.0    5 
27/05/15  8:50p   19.0   19.1   18.9    84   16.2   0.0   ---   0.00   0.0   ---   19.0   19.6   19.6  1015.8  0.00   0.0   0.000   0.002   25.6    92   24.2   28.5  21.11  .0718    117    1    100.0    5 
27/05/15  8:55p   18.8   19.0   18.8    84   16.1   0.0   ---   0.00   0.0   ---   18.8   19.4   19.4  1015.8  0.00   0.0   0.000   0.002   25.6    93   24.4   28.6  21.21  .0718    117    1    100.0    5 
27/05/15  9:00p   18.6   18.8   18.6    84   15.8   0.0   ---   0.00   0.0   ---   18.6   19.1   19.1  1015.8  0.00   0.0   0.000   0.001   25.6    92   24.2   28.5  21.11  .0718    117    1    100.0    5 
27/05/15  9:05p   18.3   18.6   18.3    84   15.6   0.0   ---   0.00   0.0   ---   18.3   18.8   18.8  1015.8  0.00   0.0   0.000   0.000   25.7    92   24.3   28.7  21.12  .0717    118    1    100.0    5 
27/05/15  9:10p   18.1   18.3   18.1    84   15.4   0.0   ---   0.00   0.0   ---   18.1   18.5   18.5  1015.9  0.00   0.0   0.001   0.000   25.6    92   24.2   28.5  21.11  .0718    117    1    100.0    5 
27/05/15  9:15p   17.9   18.1   17.8    85   15.3   0.0   ---   0.00   0.0   ---   17.9   18.2   18.2  1015.8  0.00   0.0   0.002   0.000   25.6    92   24.2   28.5  21.11  .0718    117    1    100.0    5 
27/05/15  9:20p   17.6   17.9   17.6    85   15.1   0.0   ---   0.00   0.0   ---   17.6   17.9   17.9  1015.9  0.00   0.0   0.003   0.000   25.6    92   24.2   28.5  21.11  .0718    116    1    100.0    5 
27/05/15  9:25p   17.5   17.6   17.5    86   15.1   0.0   ---   0.00   0.0   ---   17.5   17.8   17.8  1015.9  0.00   0.0   0.003   0.000   25.7    92   24.3   28.7  21.12  .0718    117    1    100.0    5 
27/05/15  9:30p   17.4   17.5   17.4    86   15.0   0.0   ---   0.00   0.0   ---   17.4   17.7   17.7  1015.9  0.00   0.0   0.003   0.000   25.7    92   24.3   28.7  21.12  .0718    117    1    100.0    5 
27/05/15  9:35p   17.3   17.4   17.3    86   14.9   0.0   ---   0.00   0.0   ---   17.3   17.6   17.6  1016.1  0.00   0.0   0.004   0.000   25.7    92   24.3   28.7  21.12  .0718    117    1    100.0    5 
27/05/15  9:40p   17.2   17.3   17.2    87   15.0   0.0   ---   0.00   0.0   ---   17.2   17.6   17.6  1016.1  0.00   0.0   0.004   0.000   25.8    92   24.4   28.9  21.12  .0717    117    1    100.0    5 
27/05/15  9:45p   17.1   17.2   17.1    86   14.7   0.0   ---   0.00   0.0   ---   17.1   17.4   17.4  1016.2  0.00   0.0   0.004   0.000   25.8    92   24.4   28.9  21.12  .0717    117    1    100.0    5 
27/05/15  9:50p   17.0   17.1   17.0    85   14.5   0.0   ---   0.00   0.0   ---   17.0   17.2   17.2  1016.2  0.00   0.0   0.005   0.000   25.9    91   24.4   29.1  21.02  .0717    117    1    100.0    5 
27/05/15  9:55p   17.0   17.0   17.0    85   14.5   0.9   WSW   0.07   1.7   WSW   17.0   17.2   17.2  1016.2  0.00   0.0   0.005   0.000   26.1    91   24.5   29.3  21.03  .0717    117    1    100.0    5 
27/05/15 10:00p   16.9   17.0   16.8    85   14.3   0.9    SW   0.07   3.5    SW   16.9   17.1   17.1  1016.2  0.00   0.0   0.005   0.000   26.2    91   24.6   29.5  21.03  .0716    117    1    100.0    5 
27/05/15 10:05p   16.9   16.9   16.8    83   14.0   0.0   ---   0.00   0.0   ---   16.9   17.1   17.1  1016.3  0.00   0.0   0.005   0.000   26.2    91   24.6   29.5  21.03  .0716    117    1    100.0    5 
27/05/15 10:10p   17.1   17.1   16.9    83   14.2   0.0   ---   0.00   0.0   ---   17.1   17.3   17.3  1016.3  0.00   0.0   0.004   0.000   26.2    91   24.6   29.6  21.03  .0716    117    1    100.0    5 
27/05/15 10:15p   17.1   17.2   17.1    83   14.2   0.0   ---   0.00   0.0   ---   17.1   17.3   17.3  1016.2  0.00   0.0   0.004   0.000   26.2    90   24.5   29.5  20.45  .0716    117    1    100.0    5 
27/05/15 10:20p   17.1   17.2   17.1    83   14.2   0.0   ---   0.00   0.0   ---   17.1   17.3   17.3  1016.3  0.00   0.0   0.004   0.000   26.2    90   24.5   29.5  20.45  .0716    113    1     99.1    5 
27/05/15 10:25p   17.1   17.2   17.1    83   14.2   0.0   ---   0.00   0.0   ---   17.1   17.3   17.3  1016.3  0.00   0.0   0.004   0.000   26.3    90   24.6   29.7  20.45  .0716    117    1    100.0    5 
27/05/15 10:30p   17.1   17.1   17.1    83   14.1   0.0    SW   0.00   3.5    SW   17.1   17.3   17.3  1016.3  0.00   0.0   0.004   0.000   26.3    90   24.6   29.7  20.45  .0716    117    1    100.0    5 
27/05/15 10:35p   16.9   17.1   16.9    84   14.2   0.0    SW   0.00   1.7    SW   16.9   17.2   17.2  1016.3  0.00   0.0   0.005   0.000   26.3    90   24.6   29.7  20.45  .0716    117    1    100.0    5 
27/05/15 10:40p   16.8   16.9   16.8    84   14.1   0.0   ---   0.00   0.0   ---   16.8   17.0   17.0  1016.3  0.00   0.0   0.005   0.000   26.3    90   24.6   29.7  20.45  .0716    117    1    100.0    5 
27/05/15 10:45p   16.8   16.8   16.8    83   13.9   0.0   ---   0.00   0.0   ---   16.8   17.0   17.0  1016.2  0.00   0.0   0.005   0.000   26.4    90   24.7   30.0  20.45  .0716    117    1    100.0    5 
27/05/15 10:50p   16.9   16.9   16.8    83   14.0   0.0   ---   0.00   0.0   ---   16.9   17.1   17.1  1016.3  0.00   0.0   0.005   0.000   26.4    90   24.7   30.0  20.45  .0716    117    1    100.0    5 
27/05/15 10:55p   16.9   17.0   16.9    82   13.8   0.0    SW   0.00   1.7    SW   16.9   17.1   17.1  1016.2  0.00   0.0   0.005   0.000   26.4    89   24.5   29.8  19.95  .0716    117    1    100.0    5 
27/05/15 11:00p   16.9   16.9   16.9    83   14.0   0.0    SW   0.00   0.9    SW   16.9   17.1   17.1  1016.2  0.00   0.0   0.005   0.000   26.4    89   24.5   29.8  19.95  .0716    117    1    100.0    5 
27/05/15 11:05p   16.8   16.9   16.8    83   13.9   0.0   ---   0.00   0.0   ---   16.8   16.9   16.9  1016.3  0.00   0.0   0.005   0.000   26.4    89   24.5   29.8  19.95  .0716    117    1    100.0    5 
27/05/15 11:10p   16.7   16.8   16.7    83   13.8   0.0   ---   0.00   0.0   ---   16.7   16.9   16.9  1016.2  0.00   0.0   0.006   0.000   26.6    89   24.6   30.1  19.95  .0715    117    1    100.0    5 
27/05/15 11:15p   16.6   16.7   16.6    84   13.8   0.0   ---   0.00   0.0   ---   16.6   16.7   16.7  1016.2  0.00   0.0   0.006   0.000   26.6    89   24.6   30.1  19.95  .0715    117    1    100.0    5 
27/05/15 11:20p   16.4   16.6   16.4    84   13.7   0.0   ---   0.00   0.0   ---   16.4   16.6   16.6  1016.3  0.00   0.0   0.007   0.000   26.6    89   24.6   30.1  19.95  .0715    117    1    100.0    5 
27/05/15 11:25p   16.4   16.4   16.4    85   13.9   0.0   ---   0.00   0.0   ---   16.4   16.6   16.6  1016.3  0.00   0.0   0.007   0.000   26.6    89   24.6   30.1  19.95  .0715    113    1     99.1    5 
27/05/15 11:30p   16.3   16.4   16.3    85   13.8   0.0   ---   0.00   0.0   ---   16.3   16.4   16.4  1016.2  0.00   0.0   0.007   0.000   26.6    89   24.6   30.1  19.95  .0715    118    1    100.0    5 
27/05/15 11:35p   16.2   16.3   16.2    85   13.6   0.0   ---   0.00   0.0   ---   16.2   16.3   16.3  1016.2  0.00   0.0   0.008   0.000   26.6    89   24.6   30.1  19.95  .0715    117    1    100.0    5 
27/05/15 11:40p   16.1   16.2   16.1    86   13.8   0.0   ---   0.00   0.0   ---   16.1   16.2   16.2  1016.2  0.00   0.0   0.008   0.000   26.6    89   24.6   30.1  19.95  .0715    117    1    100.0    5 
27/05/15 11:45p   16.0   16.1   16.0    86   13.7   0.9    SW   0.07   3.5    SW   16.0   16.1   16.1  1016.2  0.00   0.0   0.008   0.000   26.6    89   24.6   30.1  19.95  .0715    117    1    100.0    5 
27/05/15 11:50p   15.9   16.0   15.9    87   13.7   0.9    SW   0.07   1.7    SW   15.9   16.0   16.0  1016.3  0.00   0.0   0.008   0.000   26.7    89   24.7   30.3  19.95  .0715    117    1    100.0    5 
27/05/15 11:55p   15.8   15.9   15.8    87   13.7   0.0   ---   0.00   0.0   ---   15.8   15.9   15.9  1016.3  0.00   0.0   0.009   0.000   26.7    89   24.7   30.3  19.95  .0715    117    1    100.0    5 
28/05/15 12:00a   15.8   15.8   15.8    87   13.7   0.0   ---   0.00   0.0   ---   15.8   15.9   15.9  1016.3  0.00   0.0   0.009   0.000   26.7    89   24.7   30.3  19.95  .0715    117    1    100.0    5 
28/05/15 12:05a   15.8   15.8   15.8    87   13.6   0.0   ---   0.00   0.0   ---   15.8   15.9   15.9  1016.3  0.00   0.0   0.009   0.000   26.7    89   24.7   30.3  19.95  .0715    118    1    100.0    5 
28/05/15 12:10a   15.7   15.8   15.7    86   13.3   0.0   ---   0.00   0.0   ---   15.7   15.8   15.8  1016.3  0.00   0.0   0.009   0.000   26.7    88   24.5   30.2  19.35  .0715    117    1    100.0    5 
28/05/15 12:15a   15.6   15.7   15.6    87   13.5   0.0   ---   0.00   0.0   ---   15.6   15.7   15.7  1016.3  0.00   0.0   0.009   0.000   26.7    88   24.5   30.2  19.35  .0715    117    1    100.0    5 
28/05/15 12:20a   15.6   15.6   15.6    88   13.6   0.0   ---   0.00   0.0   ---   15.6   15.7   15.7  1016.3  0.00   0.0   0.010   0.000   26.7    88   24.5   30.2  19.35  .0715    117    1    100.0    5 
28/05/15 12:25a   15.5   15.6   15.5    88   13.5   0.0   ---   0.00   0.0   ---   15.5   15.6   15.6  1016.3  0.00   0.0   0.010   0.000   26.7    88   24.5   30.2  19.35  .0715    113    1     99.1    5 
28/05/15 12:30a   15.6   15.6   15.5    88   13.6   0.0   ---   0.00   0.0   ---   15.6   15.7   15.7  1016.4  0.00   0.0   0.010   0.000   26.7    88   24.5   30.2  19.35  .0715    117    1    100.0    5 
28/05/15 12:35a   15.6   15.6   15.6    88   13.6   0.0   ---   0.00   0.0   ---   15.6   15.7   15.7  1016.4  0.00   0.0   0.010   0.000   26.7    88   24.5   30.2  19.35  .0715    117    1    100.0    5 
28/05/15 12:40a   15.5   15.6   15.5    88   13.5   0.0   ---   0.00   0.0   ---   15.5   15.6   15.6  1016.4  0.00   0.0   0.010   0.000   26.7    88   24.5   30.2  19.35  .0715    117    1    100.0    5 
28/05/15 12:45a   15.4   15.5   15.4    88   13.5   0.0   ---   0.00   0.0   ---   15.4   15.6   15.6  1016.5  0.00   0.0   0.010   0.000   26.7    88   24.5   30.2  19.35  .0715    117    1    100.0    5 
28/05/15 12:50a   15.4   15.4   15.4    89   13.6   0.0   ---   0.00   0.0   ---   15.4   15.5   15.5  1016.5  0.00   0.0   0.010   0.000   26.7    88   24.5   30.2  19.35  .0715    118    1    100.0    5 
28/05/15 12:55a   15.3   15.4   15.3    89   13.5   0.0   ---   0.00   0.0   ---   15.3   15.4   15.4  1016.5  0.00   0.0   0.010   0.000   26.7    88   24.5   30.2  19.35  .0715    117    1    100.0    5 
28/05/15  1:00a   15.3   15.4   15.3    89   13.5   0.0   ---   0.00   0.0   ---   15.3   15.4   15.4  1016.5  0.00   0.0   0.011   0.000   26.7    88   24.5   30.2  19.35  .0715    117    1    100.0    5 
28/05/15  1:05a   15.2   15.3   15.2    89   13.4   0.0   ---   0.00   0.0   ---   15.2   15.3   15.3  1016.6  0.00   0.0   0.011   0.000   26.7    88   24.5   30.2  19.35  .0715    117    1    100.0    5 
28/05/15  1:10a   15.2   15.2   15.2    89   13.4   0.0   ---   0.00   0.0   ---   15.2   15.3   15.3  1016.6  0.00   0.0   0.011   0.000   26.7    88   24.5   30.2  19.35  .0715    117    1    100.0    5 
28/05/15  1:15a   15.1   15.2   15.1    89   13.3   0.0   ---   0.00   0.0   ---   15.1   15.2   15.2  1016.6  0.00   0.0   0.011   0.000   26.7    88   24.5   30.2  19.35  .0716    117    1    100.0    5 
28/05/15  1:20a   15.1   15.1   15.1    90   13.5   0.0    SW   0.00   1.7    SW   15.1   15.2   15.2  1016.6  0.00   0.0   0.011   0.000   26.7    88   24.5   30.2  19.35  .0716    117    1    100.0    5 
28/05/15  1:25a   15.1   15.1   15.1    90   13.4   1.7    SW   0.14   3.5    SW   15.1   15.2   15.2  1016.6  0.00   0.0   0.011   0.000   26.7    88   24.5   30.2  19.35  .0716    113    1     99.1    5 
28/05/15  1:30a   15.1   15.1   15.1    90   13.4   0.9   SSE   0.07   3.5     S   15.1   15.2   15.2  1016.7  0.00   0.0   0.011   0.000   26.7    88   24.5   30.2  19.35  .0716    117    1    100.0    5 
28/05/15  1:35a   15.2   15.2   15.1    91   13.7   0.0   SSE   0.00   2.6   SSE   15.2   15.3   15.3  1016.7  0.00   0.0   0.011   0.000   26.7    88   24.5   30.2  19.35  .0716    117    1    100.0    5 
28/05/15  1:40a   15.3   15.3   15.2    91   13.8   1.7   ESE   0.14   2.6    SE   15.3   15.4   15.4  1016.7  0.00   0.0   0.011   0.000   26.7    88   24.5   30.2  19.35  .0716    117    1    100.0    5 
28/05/15  1:45a   15.4   15.4   15.3    90   13.8   0.9   ESE   0.07   2.6   ESE   15.4   15.6   15.6  1016.7  0.00   0.0   0.010   0.000   26.7    88   24.5   30.2  19.35  .0716    117    1    100.0    5 
28/05/15  1:50a   15.4   15.4   15.4    90   13.8   0.0   ---   0.00   0.0   ---   15.4   15.6   15.6  1016.8  0.00   0.0   0.010   0.000   26.7    88   24.5   30.2  19.35  .0716    117    1    100.0    5 
28/05/15  1:55a   15.4   15.4   15.4    90   13.8   0.0   ---   0.00   0.0   ---   15.4   15.6   15.6  1016.8  0.00   0.0   0.010   0.000   26.7    88   24.5   30.2  19.35  .0716    117    1    100.0    5 
28/05/15  2:00a   15.4   15.4   15.4    90   13.8   0.0   ---   0.00   0.0   ---   15.4   15.6   15.6  1016.7  0.00   0.0   0.010   0.000   26.7    88   24.5   30.2  19.35  .0716    117    1    100.0    5 
28/05/15  2:05a   15.3   15.4   15.3    89   13.5   0.0   ---   0.00   0.0   ---   15.3   15.4   15.4  1016.7  0.00   0.0   0.011   0.000   26.6    88   24.4   29.9  19.36  .0716    118    1    100.0    5 
28/05/15  2:10a   15.1   15.2   15.1    90   13.5   0.0   ---   0.00   0.0   ---   15.1   15.2   15.2  1016.7  0.00   0.0   0.011   0.000   26.6    88   24.4   29.9  19.36  .0716    117    1    100.0    5 
28/05/15  2:15a   15.0   15.1   15.0    90   13.4   0.0   ---   0.00   0.0   ---   15.0   15.1   15.1  1016.8  0.00   0.0   0.012   0.000   26.6    88   24.4   29.9  19.36  .0716    117    1    100.0    5 
28/05/15  2:20a   14.9   15.0   14.9    91   13.5   0.0   ---   0.00   0.0   ---   14.9   15.1   15.1  1016.7  0.00   0.0   0.012   0.000   26.6    88   24.4   29.9  19.36  .0716    117    1    100.0    5 
28/05/15  2:25a   14.8   14.9   14.8    91   13.4   0.0   ---   0.00   0.0   ---   14.8   14.9   14.9  1016.8  0.00   0.0   0.012   0.000   26.6    88   24.4   29.9  19.36  .0716    117    1    100.0    5 
28/05/15  2:30a   14.8   14.8   14.8    91   13.3   0.0   ---   0.00   0.0   ---   14.8   14.9   14.9  1016.8  0.00   0.0   0.012   0.000   26.6    88   24.4   29.9  19.36  .0716    113    1     99.1    5 
28/05/15  2:35a   14.7   14.8   14.7    91   13.2   0.0   ---   0.00   0.0   ---   14.7   14.8   14.8  1016.8  0.00   0.0   0.013   0.000   26.6    88   24.4   29.9  19.36  .0716    117    1    100.0    5 
28/05/15  2:40a   14.7   14.7   14.6    92   13.4   0.0   ---   0.00   0.0   ---   14.7   14.8   14.8  1016.8  0.00   0.0   0.013   0.000   26.6    88   24.4   29.9  19.36  .0716    117    1    100.0    5 
28/05/15  2:45a   14.8   14.8   14.7    92   13.5   0.0   ---   0.00   0.0   ---   14.8   14.9   14.9  1016.8  0.00   0.0   0.012   0.000   26.6    88   24.4   29.9  19.36  .0716    117    1    100.0    5 
28/05/15  2:50a   14.8   14.8   14.8    93   13.7   0.0   ---   0.00   0.0   ---   14.8   14.9   14.9  1016.9  0.00   0.0   0.012   0.000   26.6    88   24.4   29.9  19.36  .0716    117    1    100.0    5 
28/05/15  2:55a   14.8   14.8   14.8    93   13.7   0.0   ---   0.00   0.0   ---   14.8   14.9   14.9  1016.9  0.00   0.0   0.012   0.000   26.6    88   24.4   29.9  19.36  .0716    117    1    100.0    5 
28/05/15  3:00a   14.7   14.8   14.7    93   13.6   0.0   ---   0.00   0.0   ---   14.7   14.9   14.9  1017.0  0.00   0.0   0.013   0.000   26.6    88   24.4   29.9  19.36  .0716    117    1    100.0    5 
28/05/15  3:05a   14.7   14.7   14.7    92   13.4   0.0   ---   0.00   0.0   ---   14.7   14.8   14.8  1017.0  0.00   0.0   0.013   0.000   26.6    88   24.4   29.9  19.36  .0716    117    1    100.0    5 
28/05/15  3:10a   14.6   14.7   14.6    92   13.3   0.0   ---   0.00   0.0   ---   14.6   14.7   14.7  1017.0  0.00   0.0   0.013   0.000   26.6    88   24.4   29.9  19.36  .0716    117    1    100.0    5 
28/05/15  3:15a   14.5   14.6   14.5    93   13.4   0.0   ---   0.00   0.0   ---   14.5   14.6   14.6  1017.0  0.00   0.0   0.013   0.000   26.6    88   24.4   29.9  19.36  .0716    118    1    100.0    5 
28/05/15  3:20a   14.4   14.5   14.4    93   13.3   0.0   ---   0.00   0.0   ---   14.4   14.6   14.6  1017.0  0.00   0.0   0.014   0.000   26.6    88   24.4   29.9  19.36  .0716    117    1    100.0    5 
28/05/15  3:25a   14.3   14.4   14.3    93   13.2   0.0   ---   0.00   0.0   ---   14.3   14.4   14.4  1017.0  0.00   0.0   0.014   0.000   26.6    88   24.4   29.9  19.36  .0716    117    1    100.0    5 
28/05/15  3:30a   14.3   14.3   14.3    93   13.2   0.0   ---   0.00   0.0   ---   14.3   14.4   14.4  1017.0  0.00   0.0   0.014   0.000   26.6    88   24.4   29.9  19.36  .0716    113    1     99.1    5 
28/05/15  3:35a   14.3   14.3   14.3    93   13.2   0.0   ---   0.00   0.0   ---   14.3   14.4   14.4  1017.1  0.00   0.0   0.014   0.000   26.6    88   24.4   29.9  19.36  .0716    117    1    100.0    5 
28/05/15  3:40a   14.2   14.3   14.2    93   13.1   0.0   ---   0.00   0.0   ---   14.2   14.3   14.3  1017.1  0.00   0.0   0.014   0.000   26.6    88   24.4   29.9  19.36  .0716    117    1    100.0    5 
28/05/15  3:45a   14.2   14.3   14.2    94   13.3   0.0   ---   0.00   0.0   ---   14.2   14.3   14.3  1017.2  0.00   0.0   0.014   0.000   26.6    88   24.4   29.9  19.36  .0716    117    1    100.0    5 
28/05/15  3:50a   14.3   14.3   14.2    94   13.3   0.0   ---   0.00   0.0   ---   14.3   14.4   14.4  1017.1  0.00   0.0   0.014   0.000   26.6    88   24.4   29.9  19.36  .0716    117    1    100.0    5 
28/05/15  3:55a   14.2   14.3   14.2    94   13.2   0.0   ---   0.00   0.0   ---   14.2   14.3   14.3  1017.1  0.00   0.0   0.014   0.000   26.6    88   24.4   29.9  19.36  .0716    117    1    100.0    5 
28/05/15  4:00a   14.1   14.2   14.1    94   13.2   0.0   ---   0.00   0.0   ---   14.1   14.2   14.2  1017.1  0.00   0.0   0.015   0.000   26.4    88   24.3   29.7  19.37  .0717    117    1    100.0    5 
28/05/15  4:05a   14.1   14.1   14.1    94   13.2   0.0   ---   0.00   0.0   ---   14.1   14.2   14.2  1017.1  0.00   0.0   0.015   0.000   26.4    88   24.3   29.7  19.37  .0717    117    1    100.0    5 
28/05/15  4:10a   14.1   14.1   14.1    94   13.2   0.0   ---   0.00   0.0   ---   14.1   14.2   14.2  1017.1  0.00   0.0   0.015   0.000   26.4    88   24.3   29.7  19.37  .0717    117    1    100.0    5 
28/05/15  4:15a   14.1   14.1   14.1    94   13.2   0.0   ---   0.00   0.0   ---   14.1   14.2   14.2  1017.2  0.00   0.0   0.015   0.000   26.4    88   24.3   29.7  19.37  .0717    117    1    100.0    5 
28/05/15  4:20a   14.1   14.1   14.1    94   13.2   0.0   ---   0.00   0.0   ---   14.1   14.2   14.2  1017.2  0.00   0.0   0.015   0.000   26.4    88   24.3   29.7  19.37  .0717    117    1    100.0    5 
28/05/15  4:25a   14.1   14.1   14.1    94   13.2   0.0   ---   0.00   0.0   ---   14.1   14.2   14.2  1017.3  0.00   0.0   0.015   0.000   26.3    88   24.2   29.5  19.37  .0717    117    1    100.0    5 
28/05/15  4:30a   14.1   14.1   14.1    94   13.2   0.0   ---   0.00   0.0   ---   14.1   14.2   14.2  1017.3  0.00   0.0   0.015   0.000   26.3    88   24.2   29.5  19.37  .0717    114    1    100.0    5 
28/05/15  4:35a   14.1   14.1   14.1    94   13.1   0.0   ---   0.00   0.0   ---   14.1   14.2   14.2  1017.3  0.00   0.0   0.015   0.000   26.3    88   24.2   29.5  19.37  .0717    117    1    100.0    5 
28/05/15  4:40a   14.1   14.1   14.1    94   13.2   0.0   ---   0.00   0.0   ---   14.1   14.2   14.2  1017.3  0.00   0.0   0.015   0.000   26.3    88   24.2   29.5  19.37  .0717    117    1    100.0    5 
28/05/15  4:45a   14.3   14.3   14.1    95   13.5   0.0   ---   0.00   0.0   ---   14.3   14.4   14.4  1017.4  0.00   0.0   0.014   0.000   26.3    88   24.2   29.5  19.37  .0717    117    1    100.0    5 
28/05/15  4:50a   14.3   14.3   14.3    94   13.4   0.0   ---   0.00   0.0   ---   14.3   14.4   14.4  1017.4  0.00   0.0   0.014   0.000   26.3    88   24.2   29.5  19.37  .0717    117    1    100.0    5 
28/05/15  4:55a   14.4   14.4   14.3    94   13.4   0.0   ---   0.00   0.0   ---   14.4   14.6   14.6  1017.5  0.00   0.0   0.014   0.000   26.3    88   24.2   29.5  19.37  .0717    117    1    100.0    5 
28/05/15  5:00a   14.6   14.6   14.4    94   13.6   0.0   ---   0.00   0.0   ---   14.6   14.7   14.7  1017.5  0.00   0.0   0.013   0.000   26.3    88   24.2   29.5  19.37  .0717    117    1    100.0    5 
28/05/15  5:05a   14.6   14.6   14.6    94   13.7   1.7     S   0.14   3.5     S   14.6   14.8   14.8  1017.5  0.00   0.0   0.013   0.000   26.3    88   24.2   29.5  19.37  .0717    117    1    100.0    5 
28/05/15  5:10a   14.7   14.7   14.6    94   13.7   1.7     S   0.14   3.5     S   14.7   14.8   14.8  1017.6  0.00   0.0   0.013   0.000   26.3    88   24.2   29.5  19.37  .0717    117    1    100.0    5 
28/05/15  5:15a   14.7   14.7   14.7    94   13.7   1.7     S   0.14   3.5     S   14.7   14.8   14.8  1017.6  0.00   0.0   0.013   0.000   26.3    88   24.2   29.5  19.37  .0717    117    1    100.0    5 
28/05/15  5:20a   14.7   14.7   14.7    94   13.7   1.7     S   0.14   3.5     S   14.7   14.8   14.8  1017.7  0.00   0.0   0.013   0.000   26.3    88   24.2   29.5  19.37  .0718    117    1    100.0    5 
28/05/15  5:25a   14.7   14.7   14.7    94   13.7   0.9     S   0.07   3.5     S   14.7   14.8   14.8  1017.7  0.00   0.0   0.013   0.000   26.3    88   24.2   29.5  19.37  .0718    117    1    100.0    5 
28/05/15  5:30a   14.6   14.7   14.6    93   13.5   0.0     S   0.00   0.9     S   14.6   14.7   14.7  1017.7  0.00   0.0   0.013   0.000   26.3    88   24.2   29.5  19.37  .0718    117    1    100.0    5 
28/05/15  5:35a   14.4   14.6   14.4    93   13.3   0.0   ---   0.00   0.0   ---   14.4   14.6   14.6  1017.7  0.00   0.0   0.014   0.000   26.3    88   24.2   29.5  19.37  .0718    117    1    100.0    5 
28/05/15  5:40a   14.3   14.4   14.3    93   13.2   0.9     S   0.07   1.7     S   14.3   14.4   14.4  1017.7  0.00   0.0   0.014   0.000   26.3    88   24.2   29.5  19.37  .0718    118    1    100.0    5 
28/05/15  5:45a   14.2   14.3   14.2    94   13.3   0.0   ---   0.00   0.0   ---   14.2   14.3   14.3  1017.7  0.00   0.0   0.014   0.000   26.3    88   24.2   29.5  19.37  .0718    117    1    100.0    5 
28/05/15  5:50a   14.2   14.3   14.2    94   13.3   0.9     S   0.07   3.5     S   14.2   14.3   14.3  1017.7  0.00   0.0   0.014   0.000   26.3    88   24.2   29.5  19.37  .0718    117    1    100.0    5 
28/05/15  5:55a   14.2   14.2   14.2    94   13.2   1.7     S   0.14   3.5     S   14.2   14.3   14.3  1017.7  0.00   0.0   0.014   0.000   26.3    88   24.2   29.5  19.37  .0718    117    1    100.0    5 
28/05/15  6:00a   14.1   14.2   14.1    94   13.2   0.0   ---   0.00   0.0   ---   14.1   14.2   14.2  1017.7  0.00   0.0   0.015   0.000   26.3    88   24.2   29.5  19.37  .0718    117    1    100.0    5 
28/05/15  6:05a   14.1   14.2   14.1    94   13.2   0.0   ---   0.00   0.0   ---   14.1   14.2   14.2  1017.7  0.00   0.0   0.015   0.000   26.3    88   24.2   29.5  19.37  .0718    117    1    100.0    5 
28/05/15  6:10a   14.2   14.2   14.1    94   13.2   0.0   ---   0.00   0.0   ---   14.2   14.3   14.3  1017.7  0.00   0.0   0.014   0.000   26.3    88   24.2   29.5  19.37  .0718    117    1    100.0    5 
28/05/15  6:15a   14.2   14.2   14.2    94   13.2   0.0   ---   0.00   0.0   ---   14.2   14.3   14.3  1017.8  0.00   0.0   0.014   0.000   26.3    88   24.2   29.5  19.37  .0718    117    1    100.0    5 
28/05/15  6:20a   14.2   14.2   14.2    94   13.2   0.0   ---   0.00   0.0   ---   14.2   14.3   14.3  1017.8  0.00   0.0   0.014   0.000   26.3    88   24.2   29.5  19.37  .0718    117    1    100.0    5 
28/05/15  6:25a   14.1   14.2   14.1    94   13.2   0.9     S   0.07   3.5     S   14.1   14.2   14.2  1017.9  0.00   0.0   0.015   0.000   26.3    88   24.2   29.5  19.37  .0718    117    1    100.0    5 
28/05/15  6:30a   14.1   14.1   14.1    94   13.2   0.0   ---   0.00   0.0   ---   14.1   14.2   14.2  1018.0  0.00   0.0   0.015   0.000   26.3    88   24.2   29.5  19.37  .0718    117    1    100.0    5 
28/05/15  6:35a   14.2   14.2   14.1    94   13.2   0.0   ---   0.00   0.0   ---   14.2   14.3   14.3  1018.1  0.00   0.0   0.014   0.000   26.3    88   24.2   29.5  19.37  .0718    116    1    100.0    5 
28/05/15  6:40a   14.3   14.3   14.2    95   13.5   0.0   ---   0.00   0.0   ---   14.3   14.4   14.4  1018.1  0.00   0.0   0.014   0.000   26.3    88   24.2   29.5  19.37  .0718    117    1    100.0    5 
28/05/15  6:45a   14.3   14.3   14.3    95   13.5   0.0   ---   0.00   0.0   ---   14.3   14.5   14.5  1018.1  0.00   0.0   0.014   0.000   26.3    88   24.2   29.5  19.37  .0718    117    1    100.0    5 
28/05/15  6:50a   14.3   14.3   14.3    95   13.5   0.0   ---   0.00   0.0   ---   14.3   14.5   14.5  1018.1  0.00   0.0   0.014   0.000   26.3    88   24.2   29.5  19.37  .0718    117    1    100.0    5 
28/05/15  6:55a   14.4   14.4   14.3    95   13.7   0.0   ---   0.00   0.0   ---   14.4   14.6   14.6  1018.1  0.00   0.0   0.014   0.000   26.3    88   24.2   29.5  19.37  .0718    118    1    100.0    5 
28/05/15  7:00a   14.5   14.5   14.4    95   13.7   0.0   ---   0.00   0.0   ---   14.5   14.7   14.7  1018.2  0.00   0.0   0.013   0.000   26.3    88   24.2   29.5  19.37  .0718    117    1    100.0    5 
28/05/15  7:05a   14.6   14.6   14.5    95   13.8   0.0   ---   0.00   0.0   ---   14.6   14.8   14.8  1018.2  0.00   0.0   0.013   0.000   26.3    88   24.2   29.5  19.37  .0718    117    1    100.0    5 
28/05/15  7:10a   14.7   14.7   14.6    95   13.9   0.0   ---   0.00   0.0   ---   14.7   14.9   14.9  1018.2  0.00   0.0   0.013   0.000   26.3    88   24.2   29.5  19.37  .0718    117    1    100.0    5 
28/05/15  7:15a   14.8   14.9   14.7    95   14.0   0.0   ---   0.00   0.0   ---   14.8   15.1   15.1  1018.2  0.00   0.0   0.012   0.000   26.3    88   24.2   29.5  19.37  .0718    117    1    100.0    5 
28/05/15  7:20a   15.0   15.0   14.9    95   14.2   0.0   ---   0.00   0.0   ---   15.0   15.2   15.2  1018.2  0.00   0.0   0.012   0.000   26.4    88   24.3   29.7  19.37  .0717    117    1    100.0    5 
28/05/15  7:25a   15.1   15.1   15.0    95   14.3   0.0   ---   0.00   0.0   ---   15.1   15.3   15.3  1018.2  0.00   0.0   0.011   0.000   26.4    88   24.3   29.7  19.37  .0717    117    1    100.0    5 
28/05/15  7:30a   15.3   15.3   15.1    95   14.5   0.0   ---   0.00   0.0   ---   15.3   15.5   15.5  1018.2  0.00   0.0   0.011   0.000   26.4    88   24.3   29.7  19.37  .0718    117    1    100.0    5 
28/05/15  7:35a   15.4   15.4   15.3    95   14.6   0.0   ---   0.00   0.0   ---   15.4   15.7   15.7  1018.3  0.00   0.0   0.010   0.000   26.4    88   24.3   29.7  19.37  .0718    116    1    100.0    5 
28/05/15  7:40a   15.6   15.6   15.4    95   14.8   0.0     S   0.00   3.5     S   15.6   15.8   15.8  1018.3  0.00   0.0   0.009   0.000   26.4    88   24.3   29.7  19.37  .0718    117    1    100.0    5 
28/05/15  7:45a   15.8   15.8   15.6    94   14.9   0.9     S   0.07   3.5     S   15.8   16.1   16.1  1018.3  0.00   0.0   0.009   0.000   26.4    88   24.3   29.7  19.37  .0718    117    1    100.0    5 
28/05/15  7:50a   16.1   16.1   15.8    94   15.1   1.7     S   0.14   3.5     S   16.1   16.3   16.3  1018.4  0.00   0.0   0.008   0.000   26.6    88   24.4   29.9  19.36  .0717    117    1    100.0    5 
28/05/15  7:55a   16.3   16.3   16.1    93   15.1   2.6     S   0.22   4.3     S   16.3   16.6   16.6  1018.4  0.00   0.0   0.007   0.000   26.6    88   24.4   29.9  19.36  .0717    117    1    100.0    5 
28/05/15  8:00a   16.4   16.4   16.2    93   15.3   2.6     S   0.22   5.2    SW   16.4   16.7   16.7  1018.4  0.00   0.0   0.007   0.000   26.6    88   24.4   29.9  19.36  .0717    117    1    100.0    5 
28/05/15  8:05a   16.5   16.5   16.4    92   15.2   4.3    SW   0.36   6.1    SW   16.5   16.8   16.8  1018.4  0.00   0.0   0.006   0.000   26.6    88   24.4   29.9  19.36  .0717    118    1    100.0    5 
28/05/15  8:10a   16.6   16.6   16.5    92   15.3   5.2    SW   0.43   7.0    SW   16.6   16.9   16.9  1018.5  0.00   0.0   0.006   0.000   26.6    88   24.4   29.9  19.36  .0717    117    1    100.0    5 
28/05/15  8:15a   16.7   16.7   16.6    91   15.2   4.3    SW   0.36   7.0    SW   16.7   17.1   17.1  1018.5  0.00   0.0   0.006   0.000   26.6    88   24.4   29.9  19.36  .0717    117    1    100.0    5 
28/05/15  8:20a   16.8   16.8   16.7    91   15.3   5.2   WSW   0.43   6.1    SW   16.8   17.1   17.1  1018.4  0.00   0.0   0.005   0.000   26.7    88   24.5   30.2  19.35  .0717    117    1    100.0    5 
28/05/15  8:25a   16.8   16.8   16.7    91   15.3   5.2    SW   0.43   7.0    SW   16.8   17.1   17.1  1018.4  0.00   0.0   0.005   0.000   26.7    88   24.5   30.2  19.35  .0717    117    1    100.0    5 
28/05/15  8:30a   16.8   16.8   16.8    91   15.3   5.2    SW   0.43   6.1    SW   16.8   17.1   17.1  1018.4  0.00   0.0   0.005   0.000   26.7    88   24.5   30.2  19.35  .0717    117    1    100.0    5 
28/05/15  8:35a   16.8   16.8   16.8    91   15.4   5.2    SW   0.43   7.0    SW   16.8   17.2   17.2  1018.4  0.00   0.0   0.005   0.000   26.7    88   24.5   30.2  19.35  .0717    113    1     99.1    5 
28/05/15  8:40a   16.9   16.9   16.8    91   15.4   5.2    SW   0.43   6.1    SW   16.9   17.2   17.2  1018.4  0.00   0.0   0.005   0.000   26.8    88   24.6   30.4  19.33  .0716    117    1    100.0    5 
28/05/15  8:45a   17.0   17.0   16.9    91   15.5   6.1    SW   0.51   7.0    SW   16.9   17.3   17.2  1018.4  0.00   0.0   0.005   0.000   26.8    88   24.6   30.4  19.33  .0716    117    1    100.0    5 
28/05/15  8:50a   17.1   17.1   17.0    90   15.4   5.2    SW   0.43   7.0    SW   17.1   17.4   17.4  1018.4  0.00   0.0   0.004   0.000   26.9    87   24.5   30.6  18.73  .0716    117    1    100.0    5 
28/05/15  8:55a   17.1   17.2   17.1    90   15.5   6.1   WSW   0.51   7.0    SW   17.1   17.5   17.4  1018.4  0.00   0.0   0.004   0.000   26.9    87   24.5   30.6  18.73  .0716    117    1    100.0    5 
28/05/15  9:00a   17.2   17.2   17.1    90   15.6   6.1   WSW   0.51   7.8    SW   17.2   17.6   17.6  1018.4  0.00   0.0   0.004   0.000   26.9    87   24.6   30.7  18.72  .0716    117    1    100.0    5 
28/05/15  9:05a   17.3   17.3   17.2    89   15.5   7.0    SW   0.58   7.8    SW   16.8   17.7   17.2  1018.4  0.00   0.0   0.003   0.000   26.9    87   24.6   30.7  18.72  .0716    117    1    100.0    5 
28/05/15  9:10a   17.4   17.4   17.3    88   15.4   7.0    SW   0.58   7.8    SW   16.9   17.7   17.2  1018.4  0.00   0.0   0.003   0.000   26.9    87   24.6   30.7  18.72  .0716    117    1    100.0    5 
28/05/15  9:15a   17.5   17.5   17.4    88   15.5   7.0    SW   0.58   7.8    SW   17.1   17.9   17.4  1018.4  0.00   0.0   0.003   0.000   27.1    87   24.7   30.9  18.71  .0716    117    1    100.0    5 
28/05/15  9:20a   17.5   17.6   17.5    87   15.3   7.0   WSW   0.58   7.8    SW   17.1   17.8   17.4  1018.4  0.00   0.0   0.003   0.000   27.1    88   24.9   31.1  19.28  .0715    118    1    100.0    5 
28/05/15  9:25a   17.6   17.6   17.5    87   15.4   7.0   WSW   0.58   7.8   WSW   17.2   17.9   17.5  1018.4  0.00   0.0   0.003   0.000   27.1    88   24.9   31.1  19.28  .0715    117    1    100.0    5 
28/05/15  9:30a   17.6   17.7   17.6    87   15.4   6.1   WSW   0.51   7.8   WSW   17.6   17.9   17.9  1018.4  0.00   0.0   0.003   0.000   27.1    88   24.9   31.1  19.28  .0715    117    1    100.0    5 
28/05/15  9:35a   17.7   17.7   17.6    87   15.5   6.1   WSW   0.51   7.0   WSW   17.7   18.1   18.1  1018.4  0.00   0.0   0.002   0.000   27.1    88   24.9   31.1  19.28  .0715    117    1    100.0    5 
28/05/15  9:40a   17.8   17.8   17.7    87   15.6   7.0   WSW   0.58   7.8   WSW   17.3   18.2   17.7  1018.3  0.00   0.0   0.002   0.000   27.1    88   24.9   31.1  19.28  .0715    117    1    100.0    5 
28/05/15  9:45a   17.9   17.9   17.8    87   15.7   6.1   WSW   0.51   7.0   WSW   17.9   18.3   18.3  1018.4  0.00   0.0   0.002   0.000   27.1    88   24.9   31.1  19.28  .0715    117    1    100.0    5 
28/05/15  9:50a   17.9   17.9   17.9    87   15.7   7.0   WSW   0.58   7.8   WSW   17.4   18.3   17.8  1018.3  0.00   0.0   0.002   0.000   27.1    88   24.9   31.1  19.28  .0715    117    1    100.0    5 
28/05/15  9:55a   17.8   17.9   17.8    87   15.6   7.0   WSW   0.58   7.8   WSW   17.4   18.2   17.8  1018.3  0.00   0.0   0.002   0.000   27.1    88   24.9   31.1  19.28  .0715    117    1    100.0    5 
28/05/15 10:00a   17.8   17.8   17.8    87   15.6   7.8   WSW   0.65   8.7   WSW   16.9   18.2   17.3  1018.3  0.00   0.0   0.002   0.000   27.1    88   24.9   31.1  19.28  .0715    117    1    100.0    5 
28/05/15 10:05a   17.8   17.8   17.8    87   15.6   7.8   WSW   0.65   8.7   WSW   16.9   18.2   17.3  1018.3  0.00   0.0   0.002   0.000   27.2    88   25.0   31.3  19.26  .0715    117    1    100.0    5 
28/05/15 10:10a   17.8   17.8   17.8    87   15.6   7.8   WSW   0.65   8.7   WSW   16.9   18.2   17.3  1018.2  0.00   0.0   0.002   0.000   27.2    88   25.0   31.3  19.26  .0715    115    1    100.0    5 
28/05/15 10:15a   17.7   17.8   17.7    88   15.7   8.7   WSW   0.72   9.6   WSW   16.4   18.1   16.8  1018.2  0.00   0.0   0.002   0.000   27.2    89   25.2   31.5  19.86  .0715    117    1    100.0    5 
28/05/15 10:20a   17.8   17.8   17.7    87   15.6   8.7   WSW   0.72   9.6   WSW   16.5   18.2   16.9  1018.2  0.00   0.0   0.002   0.000   27.2    88   25.0   31.3  19.26  .0715    117    1    100.0    5 
28/05/15 10:25a   18.0   18.0   17.8    87   15.8   8.7   WSW   0.72   9.6   WSW   16.7   18.4   17.2  1018.2  0.00   0.0   0.001   0.000   27.2    88   25.0   31.3  19.26  .0715    117    1    100.0    5 
28/05/15 10:30a   18.0   18.1   17.9    87   15.8   9.6    SW   0.80  10.4    SW   16.3   18.4   16.8  1018.2  0.00   0.0   0.001   0.000   27.3    88   25.1   31.6  19.24  .0714    118    1    100.0    5 
28/05/15 10:35a   18.1   18.1   18.0    87   15.9   8.7    SW   0.72  10.4    SW   16.8   18.6   17.3  1018.1  0.00   0.0   0.001   0.000   27.3    88   25.1   31.6  19.24  .0714    117    1    100.0    5 
28/05/15 10:40a   18.2   18.2   18.1    87   16.0   8.7   WSW   0.72   9.6    SW   16.9   18.6   17.3  1018.1  0.00   0.0   0.001   0.000   27.3    88   25.1   31.6  19.24  .0714    117    1    100.0    5 
28/05/15 10:45a   18.1   18.2   18.1    87   15.9   8.7   WSW   0.72   9.6    SW   16.8   18.6   17.3  1018.0  0.00   0.0   0.001   0.000   27.3    88   25.1   31.6  19.24  .0714    117    1    100.0    5 
28/05/15 10:50a   18.2   18.2   18.1    87   16.0   7.8   WSW   0.65   9.6   WSW   17.4   18.7   17.9  1018.0  0.00   0.0   0.000   0.000   27.3    89   25.3   31.8  19.84  .0714    117    1    100.0    5 
28/05/15 10:55a   18.4   18.4   18.2    86   16.1   7.8   WSW   0.65   8.7   WSW   17.7   18.9   18.2  1018.1  0.00   0.0   0.000   0.000   27.4    88   25.2   31.9  19.22  .0714    117    1    100.0    5 
28/05/15 11:00a   18.6   18.6   18.4    85   16.0   7.8   WSW   0.65   8.7   WSW   17.8   19.1   18.3  1018.0  0.00   0.0   0.000   0.001   27.4    88   25.2   31.9  19.22  .0714    117    1    100.0    5 
28/05/15 11:05a   18.6   18.6   18.6    85   16.0   8.7   WSW   0.72   9.6   WSW   17.4   19.1   17.9  1018.0  0.00   0.0   0.000   0.001   27.4    88   25.2   31.9  19.22  .0714    117    1    100.0    5 
28/05/15 11:10a   18.5   18.6   18.5    85   15.9   8.7   WSW   0.72   9.6   WSW   17.3   19.0   17.8  1017.9  0.00   0.0   0.000   0.001   27.4    89   25.4   32.1  19.82  .0714    116    1    100.0    5 
28/05/15 11:15a   18.5   18.5   18.4    86   16.1   8.7   WSW   0.72   9.6   WSW   17.3   19.0   17.8  1017.9  0.00   0.0   0.000   0.001   27.2    89   25.2   31.5  19.86  .0714    117    1    100.0    5 
28/05/15 11:20a   18.5   18.6   18.4    86   16.1   8.7    SW   0.72   9.6   WSW   17.3   19.0   17.8  1017.9  0.00   0.0   0.000   0.001   27.2    89   25.2   31.5  19.86  .0714    117    1    100.0    5 
28/05/15 11:25a   18.6   18.6   18.5    85   16.0   8.7   WSW   0.72   9.6    SW   17.4   19.1   17.9  1017.9  0.00   0.0   0.000   0.001   27.1    90   25.3   31.4  20.39  .0715    117    1    100.0    5 
28/05/15 11:30a   18.7   18.7   18.6    86   16.3   9.6   WSW   0.80  10.4    SW   17.2   19.3   17.7  1017.9  0.00   0.0   0.000   0.001   26.9    90   25.2   31.1  20.41  .0715    117    1    100.0    5 
28/05/15 11:35a   18.7   18.7   18.7    85   16.1  11.3   WSW   0.94  12.2   WSW   16.5   19.2   17.0  1017.9  0.00   0.0   0.000   0.001   26.9    90   25.2   31.1  20.41  .0715    117    1    100.0    5 
28/05/15 11:40a   18.4   18.7   18.4    85   15.9  10.4   WSW   0.87  12.2    SW   16.5   18.9   16.9  1017.9  0.00   0.0   0.000   0.000   26.9    90   25.2   31.1  20.41  .0715    118    1    100.0    5 
28/05/15 11:45a   18.3   18.4   18.3    87   16.1  11.3   WSW   0.94  13.0   WSW   16.1   18.8   16.6  1018.0  0.00   0.0   0.000   0.000   26.9    90   25.1   31.0  20.42  .0715    117    1    100.0    5 
28/05/15 11:50a   18.3   18.4   18.3    86   15.9  12.2   WSW   1.01  13.0   WSW   15.9   18.8   16.3  1018.0  0.00   0.0   0.000   0.000   26.9    90   25.1   31.0  20.42  .0715    117    1    100.0    5 
28/05/15 11:55a   18.3   18.3   18.3    87   16.1  13.0   WSW   1.09  14.8   WSW   15.7   18.8   16.2  1018.0  0.00   0.0   0.000   0.000   26.9    90   25.1   31.0  20.42  .0715    117    1    100.0    5 
28/05/15 12:00p   18.3   18.3   18.3    86   15.9  13.0   WSW   1.09  14.8    SW   15.6   18.7   16.1  1018.0  0.00   0.0   0.000   0.000   26.9    90   25.2   31.1  20.41  .0715    117    1    100.0    5 
28/05/15 12:05p   18.3   18.3   18.3    86   15.9  14.8    SW   1.23  15.7    SW   15.3   18.7   15.7  1017.9  0.00   0.0   0.000   0.000   26.9    90   25.2   31.1  20.41  .0715    117    1    100.0    5 
